 -4.8692372E-02
 -4.0366072E-02
  9.9194236E-03
  0.2950851    
  6.5195486E-02
   2.237632    
  3.3023683E-04
  1.8506883E-02
 -1.1792002E-02
   1.203081    
  8.2376332E-04
  7.3812842E-02
 -3.4014944E-02
  1.3049444E-02
  0.4216085    
  1.8506883E-02
 -6.2928055E-05
  5.4599269E-04
  1.4760114E-03
  4.0668141E-02
  0.3877614    
  9.0666432E-03
  6.0302336E-02
  1.8506883E-02
 -4.2833261E-02
 -4.3056227E-04
  1.4760114E-03
   3.091950    
  8.2376332E-04
  4.6840552E-04
 -0.1440216    
   1.414593    
  0.2497685    
  9.9460650E-03
  0.3876306    
  0.2023956    
  4.7352730E-04
   1.071182    
 -5.0739747E-02
  0.6299457    
 -6.5477706E-02
  1.1431178E-03
  6.9627091E-02
  2.3006327E-02
  3.7884701E-03
  1.8444491E-04
  4.2007688E-02
  4.0668141E-02
 -3.3559095E-02
  7.4761506E-04
  4.7352730E-04
   2.582849    
  3.3023683E-04
  1.4760114E-03
   1.020095    
  0.6066250    
 -0.1045844    
   1.233923    
  9.9194236E-03
  1.8667612E-04
  1.2803583E-03
   1.815753    
   1.541909    
   7.064465    
 -3.2755822E-02
  1.4103182E-03
  9.3919830E-04
 -7.1786724E-02
 -1.9360555E-02
  1.8577713E-04
  5.4599269E-04
  1.0430289E-02
  0.7297902    
  3.0118877E-02
 -7.4261665E-02
 -5.9185516E-02
  0.5259122    
  1.4760114E-03
 -4.3868497E-02
  8.1368266E-03
 -6.9577590E-02
  8.2376332E-04
  4.0668141E-02
  1.4760114E-03
  2.4384135E-04
  0.6972986    
  1.8665497E-04
  0.7930825    
   1.440355    
  5.5747060E-04
  1.2949995E-02
  0.7225853    
  2.3006327E-02
  1.6328804E-03
  1.3360413E-04
  3.9323284E-03
 -4.8822436E-02
 -8.0962315E-02
  1.6344030E-03
   2.865491    
 -3.4013987E-02
 -7.4006237E-02
  0.6686673    
   4.562678    
  0.2444877    
 -0.1817594    
 -7.1892038E-02
 -2.1014214E-02
  5.9901748E-02
 -3.2487035E-02
   1.153074    
  4.6840552E-04
  6.4724483E-02
 -7.2633184E-02
  1.8520436E-04
  1.2803583E-03
  0.1708407    
  5.1948681E-02
  0.4284029    
   1.538131    
 -1.9360555E-02
  5.1948681E-02
 -0.1906556    
  1.3361975E-04
  4.7352730E-04
 -3.1452090E-02
  8.1897542E-02
  0.6517541    
  1.4483111E-04
 -4.8831213E-02
  1.4405391E-04
  0.3677925    
  4.0668141E-02
  5.6909773E-02
  1.8677792E-04
 -2.6586832E-02
 -2.4770625E-02
 -2.3825061E-02
  4.7352730E-04
  1.4044787E-02
 -5.8350183E-02
  7.1540117E-02
 -6.0306594E-02
  0.2331777    
  3.3023683E-04
  0.7089274    
  1.8506883E-02
  1.2949995E-02
   2.537636    
  0.1606923    
  0.3058712    
 -3.7776846E-02
  0.6744860    
 -5.7358760E-02
  1.0439392E-02
 -4.2410079E-02
  8.2376332E-04
 -7.4204385E-02
  1.8506883E-02
 -4.8822545E-02
  6.2533427E-04
  7.4760790E-04
 -8.0389835E-02
  0.1659797    
  1.4991706E-03
   3.181829    
  5.1948681E-02
 -6.9631413E-02
 -0.1336758    
 -7.2329409E-02
 -8.3300471E-02
  5.5747060E-04
  1.6345185E-03
 -6.4979903E-02
  1.4764307E-03
  5.5747060E-04
 -0.1015685    
  1.8665871E-04
  8.2376332E-04
  0.5360069    
  6.9910184E-02
   1.868792    
 -6.9577590E-02
   1.234125    
 -7.0086241E-02
  4.0668141E-02
  7.4282512E-02
  0.2768219    
  2.8504070E-03
   1.137964    
 -2.2337744E-02
  1.4760114E-03
 -7.1927801E-02
  2.0486316E-02
  1.8506883E-02
   1.728142    
 -9.4013866E-03
 -2.4755290E-02
  0.2902709    
  0.1460954    
  5.1948681E-02
  8.2376332E-04
  7.4273879E-03
 -2.4639603E-02
 -2.5023412E-02
 -9.1276787E-02
  3.4365689E-04
 -4.8822545E-02
  0.7383861    
  9.9064009E-03
  2.8365778E-03
 -9.3041948E-04
  4.0822752E-02
  4.7352730E-04
  2.3058744E-02
  8.2376332E-04
  0.7738024    
 -2.4067597E-02
  2.8365778E-03
  0.3371056    
  5.4599269E-04
  3.5568044E-02
  0.1584610    
  6.7559227E-02
 -4.3706950E-02
  8.2376332E-04
  0.8131323    
  0.1792243    
   1.020095    
  0.5064025    
  8.2376332E-04
  4.6840552E-04
 -1.8431816E-02
  0.6229181    
  1.8506883E-02
 -4.8836075E-02
  0.7614659    
   1.970061    
  1.8669883E-04
  1.6345185E-03
  3.3023683E-04
  8.2376332E-04
 -2.4755290E-02
  9.3919830E-04
  4.7352730E-04
  4.0668141E-02
  7.3702796E-04
  1.5997526E-03
  1.6345185E-03
 -4.4145908E-02
  0.1921871    
  1.5484564E-02
  0.7589670    
  0.1166734    
 -4.8822545E-02
  0.4163622    
  8.1368266E-03
   1.465785    
  4.0668141E-02
  3.3023683E-04
  8.2376332E-04
 -4.2525224E-02
  8.2376332E-04
  0.9147534    
 -2.4622064E-02
 -0.1029731    
  7.8090216E-04
  5.4598041E-04
 -4.9137708E-04
  0.1915006    
 -6.9577590E-02
 -4.4142280E-02
  1.7610377E-02
 -9.3719579E-02
 -3.3917282E-02
  0.1218179    
 -6.4978674E-02
  1.8506883E-02
  1.4483111E-04
  0.7431022    
  1.8734859E-02
  8.2376332E-04
  1.0876457E-02
  2.3027280E-02
 -7.1892038E-02
  4.6840552E-04
  3.3023683E-04
  4.1548643E-04
  0.9606447    
  1.2803583E-03
  1.4760114E-03
  1.4760114E-03
   2.971324    
  4.0668141E-02
  0.2065998    
  1.8524298E-02
  8.2378136E-04
  0.7434742    
  0.1717695    
 -7.4006237E-02
  1.8506883E-02
   3.795271    
  0.8796146    
 -5.7349440E-02
 -2.0700440E-02
 -0.1017587    
  6.0614765E-02
  5.4599269E-04
  1.4760114E-03
  3.9663568E-02
   2.575762    
 -0.1053831    
 -1.4323267E-02
 -0.1018951    
  1.3886817E-02
  0.7460492    
  0.5891408    
  4.7352730E-04
  1.4490495E-04
 -4.8785247E-02
   2.632424    
  0.2780571    
  1.8666819E-04
  0.9510078    
  0.8323483    
  1.6731547E-02
  1.8665900E-04
 -7.1892038E-02
  0.8215241    
  3.3023683E-04
 -4.3924578E-02
 -2.8675921E-02
  0.1680758    
 -5.0444219E-02
  0.1673186    
 -1.9360555E-02
  1.4483111E-04
  5.4599269E-04
  1.8520436E-04
  1.4483111E-04
  2.9023137E-04
  4.6840552E-04
  4.0760711E-02
   1.092000    
   1.723968    
  1.5791568E-03
 -3.1452090E-02
  0.3497173    
  9.1278916E-03
 -7.1892038E-02
  8.2376332E-04
  4.7352730E-04
  0.2850665    
  3.3023683E-04
  0.2709320    
  0.3064680    
   2.452072    
 -2.4755290E-02
 -4.8822545E-02
 -1.9360555E-02
 -0.1772927    
  8.6145386E-02
 -3.4153562E-02
  4.5263732E-04
  1.4483111E-04
 -0.1179978    
  1.8665510E-04
  0.5839977    
  8.2376332E-04
 -0.1040952    
 -7.5653531E-02
  1.8506883E-02
  1.8506883E-02
   1.568377    
 -7.4006245E-02
 -1.5772600E-02
  0.9729235    
  8.2376332E-04
   3.273057    
  1.5084243E-03
  0.4893134    
  8.7608835E-03
  9.9194236E-03
  1.5653620E-04
 -2.4755290E-02
   1.870413    
  0.1102614    
  3.0770447E-04
  0.2082637    
 -6.4978674E-02
  0.1423469    
  1.5653620E-04
 -7.1885705E-02
   1.684008    
  0.5694399    
  1.8506883E-02
  0.3337234    
  0.2224415    
  9.3919830E-04
  2.4412660E-04
  0.5529003    
  4.6840552E-04
  7.3727051E-04
 -0.1858321    
  8.2376332E-04
  4.6826046E-04
   1.488201    
  4.6840552E-04
  9.3629425E-03
  4.0668141E-02
 -7.2329409E-02
 -4.8822545E-02
 -9.3800940E-02
  1.8332944E-04
  0.7127669    
  0.8591571    
  1.8506883E-02
  1.8506883E-02
  6.2759683E-02
  1.2770982E-03
  5.2398261E-02
   2.639031    
 -2.4770625E-02
  8.2074530E-02
 -0.1141324    
  4.6840552E-04
  0.9077497    
 -7.4006245E-02
  4.0668141E-02
  4.7352730E-04
  3.3023683E-04
 -0.1203210    
   1.441998    
  1.4760114E-03
  8.2376332E-04
  4.7352730E-04
  2.1415083E-02
  1.5791568E-03
  0.5374123    
  0.5226906    
   1.511692    
  0.1399168    
   2.130230    
  1.4760114E-03
  0.4036101    
 -3.4014944E-02
   3.673353    
  9.8476522E-02
  7.0378385E-02
   2.391422    
  2.5335203E-03
  1.8311031E-02
  7.4916720E-02
   1.510420    
 -0.1827605    
  6.2533375E-04
  5.4599269E-04
   2.952314    
  0.2318005    
   2.875155    
  1.2949995E-02
  2.3006327E-02
 -9.1243014E-02
  2.3234487E-02
  2.8365778E-03
 -4.8822545E-02
  3.3023683E-04
  4.1409045E-02
  1.3366780E-04
  0.1947071    
 -2.4474462E-02
 -6.4978674E-02
  0.4018731    
 -9.1276787E-02
   2.167917    
 -7.3816307E-02
  5.1392823E-02
   1.445961    
  0.3938869    
  0.4153275    
  8.1860861E-03
 -0.1237448    
 -5.6407165E-02
  8.6158462E-02
  7.4759719E-04
  2.9005896E-02
  4.6840552E-04
 -4.8785247E-02
  0.9311920    
 -5.2576084E-03
  8.2376332E-04
 -3.3988737E-02
  1.4665689E-03
 -3.1452090E-02
 -0.1950415    
   1.371106    
  6.4981156E-03
  0.6822548    
  6.0614854E-02
  8.2378136E-04
  0.4313644    
  1.1207173E-02
  1.8217544E-04
  9.3883625E-04
 -4.8827529E-02
  0.3348103    
  1.8506883E-02
  0.8413495    
 -9.4979607E-02
  4.7352730E-04
 -6.9577590E-02
  1.5871706E-03
  0.6056597    
  0.7404737    
  0.5447553    
  2.7585207E-02
  1.4760114E-03
 -1.9360555E-02
  0.1947281    
  0.5905252    
  1.2107427E-03
  9.9194236E-03
  4.0668141E-02
  0.7405021    
  1.8506883E-02
 -4.8836075E-02
 -9.1276787E-02
  8.2376332E-04
  7.4759562E-04
   2.002433    
  0.4621958    
  8.2376332E-04
 -6.9577590E-02
   1.203738    
  3.3023683E-04
   1.160742    
  4.1126935E-03
 -1.3765060E-02
 -6.9577590E-02
 -7.4006245E-02
  8.2376332E-04
  0.1756037    
 -6.4978674E-02
 -5.2669711E-02
  0.3401803    
 -7.2637923E-02
 -0.1022281    
   1.491155    
  0.3015067    
 -6.4803198E-02
  1.5791568E-03
  1.4690305E-02
 -2.5243381E-02
   1.706781    
  0.5379363    
  0.6664606    
  1.7940998E-04
  1.4760114E-03
  4.6840552E-04
  0.3943922    
  0.4857395    
   3.193818    
  1.4121623E-02
 -9.1276787E-02
   1.084057    
  4.5796959E-03
 -2.0669194E-02
  4.0010005E-02
  0.6370663    
  1.3002176E-02
  5.4599269E-04
  0.3448011    
  1.4483111E-04
   1.427466    
  0.4659812    
  9.3937520E-04
  0.9124227    
  8.7608816E-03
  2.9985327E-02
 -9.1276787E-02
  2.3101682E-03
   2.093182    
  3.7588777E-03
  4.0668141E-02
  7.4759719E-04
 -9.3698865E-03
  4.6840552E-04
  5.6609581E-04
  7.9075299E-02
  7.2624773E-02
  0.5232996    
   1.020095    
  0.1048825    
  1.4760114E-03
 -7.3781207E-02
  8.2376332E-04
  8.2376332E-04
  5.1948681E-02
  0.2137012    
  0.1859348    
 -2.4220420E-02
 -6.9657490E-02
  8.4094331E-03
 -4.8821859E-02
 -6.5026142E-02
  0.9828925    
  0.1608851    
  0.9163908    
  1.9961921E-02
  1.7064088E-04
  9.7463205E-02
  0.8388319    
   5.321235    
  1.4760114E-03
  0.1847649    
 -4.4407755E-02
  0.1204641    
 -6.9577590E-02
 -7.1892038E-02
  4.8796356E-02
  0.3135850    
  5.5747060E-04
  1.8520436E-04
   2.890972    
  6.2533427E-04
  0.3417425    
  8.2376332E-04
 -0.1440216    
  0.7427390    
  7.4759719E-04
 -4.7150634E-02
  3.3023683E-04
  0.2634687    
  1.8378100E-04
 -2.6380692E-02
  4.6840552E-04
   1.830667    
 -0.1906556    
 -7.1892038E-02
  1.4760114E-03
  1.4760114E-03
  5.5747060E-04
  1.5540846E-02
  8.2376332E-04
  1.4483111E-04
  5.8196258E-04
 -7.0001252E-02
 -5.1678229E-02
 -0.1906556    
   1.116446    
  1.3319363E-02
   1.112499    
 -7.1891844E-02
 -4.8822545E-02
  3.3023683E-04
   2.806084    
  1.5648315E-04
   1.220734    
 -7.1892038E-02
 -4.8822545E-02
  1.2949995E-02
  9.3919830E-04
 -0.1934471    
  9.3925005E-04
   1.595040    
 -6.6375807E-02
  2.3709012E-03
   7.367417    
  3.6032319E-03
   3.182239    
  0.5565228    
  7.1325339E-02
  3.2398794E-04
  8.2376332E-04
  1.4760114E-03
  3.5435865E-03
  0.2550162    
 -1.9360555E-02
  1.4483111E-04
  5.1948681E-02
   2.154922    
   1.961535    
  9.9194236E-03
  8.6007267E-02
  1.4405408E-04
   2.453792    
  0.8514954    
  1.5791568E-03
   1.457632    
  1.8506883E-02
  8.2503088E-02
 -0.2649193    
   2.529859    
  8.2376332E-04
 -4.2525224E-02
  1.4973500E-02
  0.2186855    
 -5.9331078E-02
  4.6839204E-04
   2.184135    
  1.8506883E-02
 -9.4324850E-02
 -1.9185454E-02
  0.3023285    
 -7.1892038E-02
  8.7608593E-03
  5.5453777E-02
  1.2949995E-02
 -4.8802134E-02
  4.0668141E-02
  5.4598856E-04
  4.1409045E-02
   1.829789    
  0.5914490    
 -3.6761958E-02
 -0.1180894    
  0.5618728    
  7.0225113E-05
  0.2840794    
  8.7608714E-03
  0.1088565    
  3.9323140E-03
  0.2808070    
  1.3869893E-02
 -0.1020088    
  0.2364948    
  8.2376332E-04
  1.8506883E-02
  0.1595103    
  0.9306024    
 -4.8565503E-02
  1.4636671E-03
 -7.3545195E-02
 -0.1919223    
  7.4759719E-04
  1.4760114E-03
 -7.4006245E-02
 -6.4978674E-02
  8.7608835E-03
 -8.3013766E-02
  5.4599269E-04
  0.3313463    
  2.6543774E-02
  3.3023683E-04
 -5.5847127E-02
  1.2803484E-03
  0.1281266    
  2.5773817E-04
  1.3952346E-02
   1.117451    
  9.9194236E-03
   3.944262    
  6.0614765E-02
  8.2376332E-04
  1.4760114E-03
  8.2376332E-04
  1.8506883E-02
   2.589919    
  9.9119274E-03
  8.2376332E-04
  0.6499131    
  8.1103500E-03
  1.8665631E-04
  1.5721302E-02
  2.4883440E-02
  4.0806875E-02
  0.2001401    
  4.0668339E-02
  8.2376332E-04
  5.4599269E-04
   4.333642    
  1.2803442E-03
  9.9194236E-03
  1.8521008E-04
 -6.4978674E-02
  0.1458845    
   1.653015    
  3.1091852E-02
  4.3095523E-03
   1.410930    
 -7.0820153E-02
  1.8506883E-02
  1.3364607E-02
   1.245567    
  3.5872351E-02
  0.1018432    
 -3.9545558E-02
  3.9323284E-03
  0.3337637    
 -4.8822545E-02
  2.3005586E-02
 -9.1384940E-02
 -3.4014944E-02
  4.7352730E-04
 -7.3261753E-02
  0.1918976    
 -9.1276787E-02
   1.225744    
  1.2803475E-03
 -8.5180312E-02
  1.8666399E-04
  0.5137952    
 -7.3235162E-02
   1.725631    
 -0.1906556    
  0.7345904    
  4.3244399E-02
 -7.3995218E-02
 -7.1892038E-02
  3.5592139E-02
  4.2007688E-02
 -2.4755290E-02
 -0.1058191    
 -4.8818100E-02
  1.1207173E-02
 -0.1181122    
  0.5447701    
   2.753302    
 -3.9602518E-02
  1.5756903E-02
 -4.8822545E-02
  2.3006327E-02
 -0.1906556    
  5.2658033E-02
   3.141609    
  9.9194236E-03
  0.2717595    
  5.1948681E-02
   1.042022    
 -1.4744473E-03
   3.001380    
  7.3096238E-04
 -5.9542909E-02
   2.305752    
  1.4483111E-04
  1.4483111E-04
  1.6502123E-02
  1.6346134E-03
   4.406034    
  1.4760114E-03
  0.9163908    
  4.0668141E-02
  2.3006128E-02
 -6.8581402E-02
  7.4759719E-04
  4.0668141E-02
   1.318026    
  0.5280146    
  7.4282512E-02
 -4.8822545E-02
 -2.4755290E-02
  8.2376332E-04
   1.101014    
  4.6840552E-04
   1.331216    
  0.2372297    
  8.2376332E-04
   2.150353    
 -7.6427765E-02
  0.6000729    
  9.3240838E-04
 -4.8822545E-02
  7.4298225E-02
  0.2719960    
  0.4214412    
  1.6345185E-03
 -3.0157043E-02
 -1.4839001E-02
 -7.4728504E-02
  8.2376332E-04
  0.2267104    
  0.9141052    
  1.8506883E-02
  1.5084243E-03
   2.832850    
  3.3023683E-04
  6.2517612E-04
  4.4946093E-04
   3.590692    
 -2.5945632E-03
  7.4282512E-02
  1.0386200E-02
   3.331717    
 -4.8429318E-02
 -0.2309065    
  3.8661198E-03
  4.4558151E-03
  8.1446988E-04
 -4.6510226E-03
  2.3008496E-02
  1.5034919E-03
  0.1116236    
  0.2424725    
  0.1204641    
  3.0399887E-02
  9.9194236E-03
 -9.5724985E-02
 -2.4648886E-02
 -1.3535582E-02
  1.8931881E-02
  1.8520627E-04
  9.3923445E-04
  9.0461172E-04
  0.3322836    
 -3.6520984E-02
  4.6840552E-04
   6.050124    
  8.1368266E-03
  3.3023683E-04
 -3.3990506E-02
  8.2376332E-04
  3.3023683E-04
  4.0668141E-02
  0.3746324    
 -0.1088364    
 -7.1467191E-02
  0.3854970    
  0.1016128    
  8.2376332E-04
  0.6094961    
  7.4761175E-04
  2.0670313E-02
  4.0668141E-02
  1.4760114E-03
   1.427466    
  1.2964029E-02
   3.559262    
 -4.8836075E-02
  1.8307714E-04
  5.5747060E-04
  4.0668506E-02
 -6.6395365E-02
 -2.4617387E-02
 -0.1440216    
 -9.0553798E-02
  0.3694514    
  2.4199270E-02
 -0.1204448    
 -4.8641961E-02
  9.9194236E-03
 -4.8173938E-02
  1.2903855E-02
  1.4483111E-04
 -2.4755290E-02
  7.4674323E-02
  9.3253180E-03
 -9.7781822E-02
  1.8506883E-02
 -7.3487543E-02
  0.5374123    
  5.1948681E-02
  4.7352730E-04
  1.4760114E-03
  1.0438959E-02
 -2.5490541E-02
  0.7026619    
  4.0668141E-02
  8.2376332E-04
  4.4551663E-04
  0.2867142    
  1.8506883E-02
  7.4759719E-04
  5.6671448E-02
   4.093911    
  8.1897512E-02
  0.6083035    
 -9.3966182E-03
  1.4760114E-03
  1.3409428E-02
  0.4104771    
  9.9194236E-03
 -7.5254479E-04
  0.1595486    
 -7.1892038E-02
  1.8520684E-04
  1.8506883E-02
  0.1735020    
 -5.1719487E-02
  9.2613429E-04
 -7.1785666E-02
 -3.1995125E-02
  9.9218432E-03
  3.1605046E-03
  8.9016830E-04
   1.118591    
  4.0668141E-02
 -1.9261422E-02
 -4.8822545E-02
  0.2032955    
   1.671993    
 -3.0372713E-02
  0.9653372    
 -2.6675571E-02
   1.592001    
  4.0668141E-02
  3.1257778E-02
  3.3023683E-04
  0.1859348    
  1.8506883E-02
  4.6840552E-04
 -0.1440216    
  8.4609725E-04
  6.2533427E-04
  8.2376332E-04
 -8.0082171E-02
  4.6840552E-04
 -0.1180894    
 -0.1906556    
  1.6346134E-03
  0.1994148    
  0.5176245    
  0.1699625    
 -4.8822545E-02
  8.1388494E-03
 -4.8836075E-02
  1.0235023E-03
 -4.0382236E-02
  5.4777466E-04
 -1.7796149E-02
  8.0860080E-04
  2.5011331E-04
  1.4760114E-03
   1.181471    
 -4.6147001E-03
  9.9094352E-03
  5.4599269E-04
  5.5720273E-04
  1.6346134E-03
 -3.3994660E-02
  0.2948273    
 -4.1704252E-02
  0.1860616    
  1.4483111E-04
 -7.4006245E-02
  1.4405289E-04
  0.4405912    
  4.6840045E-04
 -3.7352461E-02
  2.2792220E-02
  6.2533427E-04
 -5.5723332E-02
   1.574007    
 -7.2675377E-02
  0.6772119    
  1.7229391E-02
  2.3053180E-02
  8.2376332E-04
  0.4836768    
  0.2744239    
  0.1918949    
  1.8506883E-02
  0.9164170    
  9.9595571E-03
  1.1107489E-02
  0.9128569    
   1.143997    
  0.9872009    
  4.7352730E-04
  1.4760114E-03
  6.8144612E-02
  4.1231550E-02
  8.7608499E-03
 -7.5125717E-02
  1.4760114E-03
 -5.0279204E-02
  8.2376332E-04
  0.7589670    
 -0.1179978    
  7.4760517E-04
  0.4748565    
  0.8218331    
  3.3023683E-04
 -4.2961348E-02
  0.2797612    
  0.5547110    
  2.8365778E-03
  9.3919830E-04
  4.0668141E-02
   1.158807    
 -0.1440216    
  5.1948681E-02
  4.0668141E-02
  0.7589670    
  9.3919830E-04
 -7.1897492E-02
 -5.9198975E-03
 -2.2675071E-02
 -1.2823993E-02
  4.7352730E-04
 -5.2443590E-02
 -0.2511764    
  0.1348614    
  1.2949995E-02
  1.4872263E-04
  4.4816624E-02
   1.596398    
 -8.4684528E-02
 -4.8822436E-02
 -7.1892016E-02
  8.2378136E-04
 -0.1440216    
  3.7473330E-04
  0.2708763    
  8.9016830E-04
  8.2376332E-04
  3.9323284E-03
 -2.7371682E-02
 -2.4755290E-02
 -3.0913724E-02
  3.3023683E-04
  1.8506883E-02
   3.251673    
  0.8921017    
  4.0775862E-02
  9.1842632E-04
  2.3006400E-02
  1.8524298E-02
   2.065127    
   1.491155    
  0.7313462    
 -9.7554974E-02
  0.7629406    
   1.245567    
  7.4759562E-04
  1.8506883E-02
  7.4282512E-02
  2.2640193E-02
  0.1558526    
 -7.1892038E-02
  9.3919830E-04
  3.3023683E-04
  1.4760114E-03
  0.9506961    
  5.1948681E-02
 -5.6817297E-02
  4.8261158E-02
 -0.1380773    
  0.5432267    
 -7.1892038E-02
  6.2533288E-04
  4.0668141E-02
  0.2864533    
  4.2007688E-02
  9.0863496E-02
  4.4946093E-04
  5.4599083E-04
 -5.9563540E-02
  1.4760114E-03
  6.2533328E-04
  3.6827471E-02
  1.3012886E-02
  2.8258147E-02
  7.5868644E-02
  3.3023683E-04
   1.583815    
  3.3023683E-04
 -1.5836520E-02
 -4.8822545E-02
  0.6028948    
  1.8489378E-04
  7.4282512E-02
  0.3122723    
 -7.1892038E-02
  1.8506883E-02
  0.9220567    
  1.8665573E-04
  6.3845314E-02
 -3.4014944E-02
  1.8979238E-02
   1.042896    
 -0.1725682    
  3.0904016E-02
 -0.1062671    
 -2.8773980E-02
 -0.1091409    
 -3.2233488E-02
 -3.7776846E-02
  1.4483111E-04
  4.6840552E-04
  0.4018660    
  4.6840552E-04
   1.245567    
  7.4282512E-02
  1.7610377E-02
  0.5813894    
  1.6841383E-03
  1.8507348E-02
  0.8604853    
  9.4556448E-04
  0.1486160    
   2.183249    
  1.4760114E-03
  0.4122217    
  7.9339929E-03
  0.4769826    
  1.3349544E-03
  8.9005068E-02
  5.5747060E-04
  1.8205665E-02
  5.4762000E-04
  0.5499713    
  0.5030826    
   2.481170    
 -4.8836075E-02
 -0.1936234    
  9.9194236E-03
 -6.5970555E-02
  0.2865435    
  0.7137935    
  4.0668141E-02
  5.5747060E-04
 -7.1892038E-02
  4.7352730E-04
 -3.3848215E-02
  3.9323284E-03
 -3.7047014E-02
  2.4385349E-04
 -2.4642963E-02
  1.2803583E-03
 -1.4780706E-02
  8.1368266E-03
 -6.8480298E-02
 -1.7722791E-02
  5.1948681E-02
 -4.8836075E-02
  1.8506883E-02
 -2.4755290E-02
 -3.9208423E-02
  0.3639074    
  9.3919830E-04
  8.2376332E-04
  1.5791553E-03
 -8.0849238E-02
 -6.9577590E-02
 -0.1179978    
  5.5747060E-04
   1.234511    
 -6.9657490E-02
 -0.1474726    
  0.7357832    
  0.2717595    
  2.3053180E-02
  7.4810779E-04
  1.4483111E-04
  0.1637995    
  8.2376332E-04
   2.406667    
 -0.1906556    
  0.2246236    
  4.6840552E-04
  8.1368266E-03
 -0.1906556    
  4.0668141E-02
 -7.1755603E-02
  1.4464470E-04
  2.9940791E-03
 -3.2262124E-02
  1.0950299E-03
  1.5791568E-03
  8.2376332E-04
  5.6116600E-03
  5.4597826E-04
  0.7589670    
  0.3081433    
  8.2376332E-04
   1.405340    
 -7.1892038E-02
  0.6795633    
 -6.7198798E-02
  1.2979634E-03
  1.4766393E-03
 -3.0639045E-02
  8.1368266E-03
  5.5747060E-04
   1.347368    
 -4.8822545E-02
  1.8506883E-02
 -7.2251283E-02
  1.1309097E-02
  1.4483111E-04
 -0.1035633    
   2.110616    
  4.7352730E-04
  1.6345185E-03
  1.4760114E-03
 -5.7247121E-02
  1.2949995E-02
  1.4760114E-03
  0.2546157    
  1.4991706E-03
  0.6055899    
 -0.1018037    
   1.751548    
 -3.4014944E-02
  0.1729968    
  4.2007688E-02
  8.1372289E-03
  0.1088353    
  6.0855917E-04
  1.3660572E-03
  2.3052657E-02
  6.7065977E-02
  0.2300859    
 -8.6784229E-02
  0.3649330    
  8.2376332E-04
  1.8506883E-02
  0.1097190    
  1.4991706E-03
  0.3079331    
   1.369637    
  9.9194236E-03
   1.008403    
  5.5745163E-04
  5.4599269E-04
 -2.4755290E-02
   1.042022    
 -7.1892038E-02
 -6.0516912E-02
 -4.8836075E-02
  1.4766213E-03
 -1.6569695E-02
  4.2007688E-02
 -4.8822545E-02
  5.4599060E-04
 -3.2713957E-02
  8.7633925E-03
 -6.8480313E-02
  4.6908567E-04
  1.4760114E-03
  0.4784652    
   2.933169    
   2.605612    
  0.2312009    
  1.5798392E-03
 -2.9876485E-02
  0.4928727    
  1.5063846E-02
  8.7608835E-03
  4.7207680E-03
 -4.2760517E-02
  0.1332220    
  1.2803583E-03
  1.4760114E-03
  9.9194236E-03
  4.6964488E-03
  4.0668141E-02
 -9.1276787E-02
  4.4946093E-04
  2.4356830E-04
  5.5746920E-04
  2.0177500E-02
  3.3023683E-04
   7.181223    
 -2.4543207E-02
 -9.1560679E-03
 -7.1892038E-02
 -3.8346279E-02
   1.319792    
   6.629875    
   1.191713    
  1.6075710E-02
  1.4760114E-03
  5.4599269E-04
  0.7538319    
  1.8665740E-04
  0.2081282    
  1.2949995E-02
 -3.4014944E-02
 -8.5731454E-02
  0.1673081    
  2.4510188E-02
 -5.9797250E-02
 -2.4755290E-02
  7.2006026E-04
 -8.6862119E-03
  8.2376332E-04
 -7.4170962E-02
  0.4167744    
   3.586191    
 -2.5153883E-02
  7.5298728E-04
  1.8506883E-02
  7.6243751E-02
   1.427466    
  0.2717595    
  1.4760114E-03
  2.3060910E-02
  1.8520436E-04
 -3.1592801E-02
 -0.1141324    
  5.6664267E-04
  1.4483111E-04
  0.2846535    
  1.2949995E-02
  1.2949995E-02
  0.7589670    
 -3.3899184E-02
  8.4253676E-02
  0.4970262    
 -2.4176998E-02
  0.3505878    
 -2.1880269E-02
 -0.1440216    
   1.209345    
  8.7657226E-03
  2.1409718E-03
 -0.1924520    
 -0.1363753    
 -2.5782423E-02
  1.4483111E-04
  0.8074979    
  5.4598512E-04
 -2.0321103E-02
 -6.1114963E-02
  7.4606028E-04
   1.217793    
  4.6840552E-04
 -0.1094830    
 -4.0397175E-02
  2.3006327E-02
 -2.7342385E-02
  2.8444963E-04
  0.4152693    
   1.221264    
 -3.4014944E-02
  1.2887753E-02
  1.4483111E-04
  7.4960338E-03
  8.2376332E-04
  4.7352730E-04
  0.3698384    
 -7.4008919E-02
  1.4483111E-04
 -3.0574383E-02
  0.9640631    
  0.8057106    
 -9.1276787E-02
  0.5185373    
  2.3006327E-02
  0.6892609    
   1.065375    
  4.0668141E-02
  1.4483111E-04
  2.6183093E-02
   1.506247    
   1.290760    
 -9.1276787E-02
  1.4760114E-03
  0.5415068    
  1.4991706E-03
   1.372721    
  3.4213609E-03
 -2.5153829E-02
  9.0873204E-02
  4.0668141E-02
  0.2028140    
  0.1340786    
  5.4522445E-03
  1.4760114E-03
  4.6840552E-04
  1.4760114E-03
  3.5705441E-04
  0.1054264    
  8.2376332E-04
  0.1016862    
 -2.1801338E-02
  1.8665785E-04
  1.8506883E-02
 -4.8802134E-02
 -2.6262764E-02
  2.3703142E-03
  5.4597872E-04
 -7.3956385E-02
 -7.1892038E-02
 -1.3155947E-02
  1.8506883E-02
  2.4256418E-02
   2.710300    
 -6.4978674E-02
  1.6346134E-03
  0.1802903    
 -4.1888900E-02
 -7.3600829E-02
 -5.0343096E-02
  7.4759719E-04
   3.015576    
   1.351109    
  0.9394432    
  4.0668141E-02
  7.4282512E-02
 -5.1619079E-02
  1.9760160E-03
  0.9163908    
  4.7352730E-04
  1.3625261E-03
  3.3029102E-04
 -7.4220426E-02
 -0.1407464    
 -1.9958083E-02
  0.3077782    
  2.9115740E-03
  4.0668149E-02
  5.5747764E-04
  5.5747060E-04
   1.520323    
  0.1735020    
 -1.9360555E-02
   4.207069    
  0.4961758    
  2.4263606E-04
  5.6844227E-02
  8.9016830E-04
  4.7352730E-04
  4.0668141E-02
  0.2004675    
 -0.1929847    
  3.8228251E-04
  0.4163622    
  4.0675163E-02
  6.8144612E-02
  1.4483111E-04
 -4.9707205E-03
 -0.1440216    
  0.4168222    
 -7.3805682E-02
  3.3023683E-04
  5.4599269E-04
  0.3348696    
  4.1446164E-02
   1.766337    
  8.2376332E-04
 -5.7071608E-02
  8.2376332E-04
  4.9509672E-03
  0.2132850    
 -5.1619079E-02
 -1.1168168E-02
 -4.8503373E-03
  8.2376332E-04
   1.387559    
 -2.4755290E-02
  4.2007688E-02
 -0.1906556    
   1.894200    
 -0.1473870    
 -3.9720066E-02
  1.8506883E-02
  1.4483111E-04
   6.701906    
   1.235973    
   1.251017    
  1.3459813E-02
 -7.2637923E-02
 -4.8822545E-02
  1.2173409E-02
  8.1368266E-03
  8.1460207E-04
  3.3023683E-04
  1.1077216E-02
  5.4597511E-04
   3.643422    
  8.2376332E-04
  0.4163622    
 -3.9208405E-02
  1.5839811E-03
  9.3940704E-04
  0.1047760    
  8.1368266E-03
  9.9194236E-03
  3.0861624E-02
  4.7352730E-04
  1.4534958E-04
 -1.9360555E-02
  5.1948681E-02
  4.0668141E-02
   1.116301    
  2.6377909E-02
   1.919895    
  5.1948681E-02
  4.0309786E-04
  8.5114699E-04
  5.4597546E-04
  4.7352730E-04
 -2.6304586E-02
 -0.1096949    
 -1.9981030E-02
  9.3919830E-04
  1.8506883E-02
  9.7106267E-03
  0.3772297    
 -5.5545911E-02
  9.6223755E-03
 -0.1935048    
 -9.7805753E-02
   1.298325    
 -4.9170565E-02
 -0.1440216    
  1.5791568E-03
  1.7666221E-02
  1.2803583E-03
 -0.1179978    
  4.7352730E-04
  1.4760114E-03
  0.3982324    
 -0.1440216    
  0.7589670    
  0.1947052    
  0.7241773    
  5.4599269E-04
  1.4405391E-04
  1.8510474E-04
 -6.9935359E-02
  1.5791543E-03
  0.4711724    
   1.385361    
  8.1368256E-03
  1.5791543E-03
 -1.7343832E-02
  0.1929544    
  0.4488808    
  4.7352730E-04
   1.794322    
  3.3023683E-04
 -7.2036367E-03
 -4.0944733E-02
 -2.1129720E-02
  8.1046205E-04
   1.370351    
 -9.2935346E-02
  1.2803583E-03
 -4.8822545E-02
 -9.1276787E-02
  1.3366956E-04
 -4.8836075E-02
  0.2001966    
  4.0668141E-02
   2.304426    
  8.7608835E-03
 -4.5962047E-02
  1.4760114E-03
  1.8506883E-02
  1.6442197E-04
  8.2376332E-04
   2.662533    
   1.020095    
  0.4809371    
  2.5335203E-03
 -3.0038195E-02
  0.6244931    
  3.3630442E-02
  3.9323252E-03
  3.3023683E-04
  0.6594977    
   3.167636    
  8.9179387E-04
 -1.5859397E-02
  1.2803704E-03
  0.1942500    
 -6.9146842E-02
  1.8506883E-02
  0.1051333    
  8.2376332E-04
 -3.0136099E-02
 -9.1769025E-03
  1.8520436E-04
  0.9403356    
  2.2276098E-02
   6.145065    
 -3.4014132E-02
  3.1195898E-03
 -6.8573408E-02
   1.446776    
 -4.8822545E-02
  7.4282512E-02
  4.7352730E-04
  4.7615715E-03
  8.4609725E-04
  4.4564262E-02
  0.2688579    
  0.2612977    
  8.7709224E-04
  0.7589670    
  1.2949995E-02
 -1.8603874E-04
   1.245567    
 -7.4006245E-02
 -7.9741009E-02
 -7.8807071E-02
 -7.1892038E-02
  1.3374060E-04
   2.274938    
  3.3023683E-04
  1.0439392E-02
 -4.5920052E-02
  8.9016830E-04
  1.2950049E-02
  9.3401381E-04
  1.5836819E-03
  3.0945901E-02
 -4.8822436E-02
   1.271847    
 -0.1906557    
  0.6447545    
  5.6664267E-04
  1.4483111E-04
 -6.4978674E-02
  1.2949995E-02
 -0.1647510    
 -7.3356278E-02
  3.9323275E-03
  6.7806460E-02
  0.6487113    
  1.8520436E-04
   2.204602    
  1.8665900E-04
  7.2113745E-02
   3.384738    
   1.427672    
  5.1948681E-02
   1.221517    
  1.3789986E-02
   2.015174    
  1.8506883E-02
  0.2121207    
  0.6135116    
  2.9825451E-04
  8.2376332E-04
  3.3023683E-04
  0.1335128    
 -6.8480313E-02
  1.6346134E-03
  4.7352730E-04
  1.8506883E-02
   3.110848    
 -3.0984517E-02
  0.7589670    
  0.1530811    
   5.259318    
   1.055358    
  1.8670266E-04
  1.3366986E-04
   2.500117    
  1.8506883E-02
  3.3023683E-04
 -7.1557209E-02
  4.0668141E-02
  3.3023683E-04
  0.7589670    
 -2.7887732E-02
  4.0668141E-02
  1.6345482E-03
  5.1948681E-02
  5.4599269E-04
 -8.0301007E-03
  4.7352730E-04
   2.899031    
  0.1326384    
  1.8665481E-04
 -6.5096729E-02
  9.6927412E-02
  0.1625700    
  4.1447498E-02
  3.9323126E-03
 -3.3956874E-02
  0.2841808    
 -8.2565889E-02
  8.2376332E-04
  0.3086185    
  1.8506883E-02
  0.7589670    
  0.9163908    
  4.2007688E-02
  5.5747060E-04
 -6.8566225E-02
  8.2461834E-03
   2.650251    
  0.7221736    
   3.840030    
  0.2729235    
 -7.1892038E-02
  2.8365778E-03
  9.9194236E-03
  0.9229774    
  1.4483111E-04
  4.0675163E-02
   1.007689    
  1.4760114E-03
   1.251017    
  7.4761291E-04
 -6.4978674E-02
 -0.1179978    
   1.057392    
  1.9436931E-02
  1.4760114E-03
  0.3447720    
  4.0668357E-02
  5.5747060E-04
  0.2176887    
  0.1771207    
  8.2384201E-04
  0.2575284    
   2.407925    
  4.0668141E-02
 -8.7078750E-02
  9.3919830E-04
 -4.4777703E-02
   2.725946    
  1.1038437E-02
  7.7385142E-02
  2.3006327E-02
  1.6345184E-03
 -6.9577590E-02
   1.741410    
  0.3577597    
  6.2533427E-04
   1.330523    
  0.1665442    
  8.2376332E-04
  0.1735020    
 -4.8785247E-02
 -9.1276787E-02
  4.0668141E-02
  1.5185024E-02
   2.147322    
  0.6151658    
  0.6175453    
  0.3058793    
  9.1481261E-04
 -0.1912800    
  3.9323261E-03
 -4.5084979E-02
  9.3919516E-04
 -9.0766400E-02
  8.2376332E-04
  1.6345184E-03
  1.8506883E-02
  8.4505446E-02
 -7.1892038E-02
 -2.9627844E-03
  5.4599269E-04
  8.7608835E-03
  8.7136082E-02
   1.138602    
  4.9311914E-03
  2.3006327E-02
 -1.4668080E-02
  8.2376332E-04
  4.6840552E-04
 -3.4014944E-02
  1.2803297E-03
   1.782159    
  1.6642900E-02
  9.9194236E-03
  8.2376332E-04
  1.1291109E-02
  1.2803583E-03
   1.381850    
 -3.4014944E-02
  1.2803561E-03
  1.4181237E-03
  4.7352730E-04
  5.1366165E-02
  5.1948681E-02
 -0.1440216    
 -1.9958263E-02
  8.2376332E-04
  8.7378100E-02
  0.6850914    
  9.5979027E-02
  1.4760114E-03
 -0.1831645    
   2.189840    
  4.0806841E-02
 -7.1892038E-02
  1.7477031E-04
  8.4854111E-02
   4.615175    
  0.2091122    
 -7.8807071E-02
  6.1908040E-02
  6.0614765E-02
  4.7352730E-04
  3.7934564E-03
 -4.0397175E-02
  3.3023683E-04
  8.2376332E-04
   1.245567    
   1.458294    
  1.5084243E-03
   1.392207    
  7.4282512E-02
 -1.4868397E-02
  2.4222624E-02
 -1.7441727E-02
 -3.4014944E-02
  0.1646033    
  9.3923445E-04
  3.3029102E-04
 -0.1772884    
   1.386351    
  5.5746996E-04
  0.3758723    
  0.2038141    
   3.731366    
  3.3023683E-04
  1.4483111E-04
   2.055500    
  5.5747060E-04
  2.4993735E-04
  9.3919830E-04
 -3.1452090E-02
   1.171958    
  0.6288958    
 -4.8587963E-02
 -2.4755290E-02
  5.7965409E-02
  9.1339219E-03
 -1.7334746E-02
  6.2533404E-04
  0.2718625    
  0.3136036    
  5.1948681E-02
 -0.1060691    
  8.2461834E-03
   1.774136    
  4.6840552E-04
  1.4760114E-03
  4.0648229E-02
  2.8365778E-03
  4.7352730E-04
  5.1948681E-02
  5.9830846E-04
  1.8520169E-02
  1.4483111E-04
 -3.4013949E-02
 -0.1180839    
 -7.7904575E-02
  5.4430600E-02
  5.4597523E-04
 -2.6919842E-02
  1.6908392E-02
   1.139332    
 -0.1091409    
  0.2369889    
 -6.4978674E-02
   1.225744    
  9.3901553E-04
 -2.5490541E-02
  0.7340551    
  1.4483111E-04
  9.8474072E-03
  5.3525642E-02
  0.5397286    
  5.2181970E-02
  0.6288934    
 -0.1331092    
 -4.9996544E-02
  1.8506883E-02
  8.9225918E-02
   2.057940    
  9.3919830E-04
  0.3759248    
  9.3919830E-04
  1.8506883E-02
 -3.3418860E-02
 -9.1276787E-02
   2.743619    
 -2.0995736E-02
  0.7213002    
  4.6840552E-04
 -4.8733048E-02
  0.1771325    
 -6.6995643E-02
  1.8697977E-03
 -2.6992271E-02
  0.1939837    
  0.7854335    
  5.0927158E-03
  3.3023683E-04
  0.2717595    
  3.9323182E-03
  5.4489683E-02
   1.722117    
  0.2318005    
  0.3503729    
  1.4813560E-04
 -2.4755290E-02
  7.2948299E-02
  5.9014488E-02
  0.1598304    
  1.4483111E-04
  4.7352730E-04
  4.6840552E-04
  0.7589670    
 -2.1137903E-02
   4.209816    
  1.1207173E-02
 -3.6993895E-02
  3.2585228E-03
