  0.9824080      0.9883041      0.9837006      0.9845406    
  0.1067806      0.1192953      0.1062912      0.1171403    
  0.1037294      0.1164169      0.1032913      0.1140648    
  5.4782588E-04  6.6941493E-04  6.2424137E-04  5.8358954E-04
  2.6895286E-05  3.0949850E-05  2.7631297E-05  3.0031651E-05
  8.5379846E-02  8.5379846E-02  8.6570635E-02  8.6570635E-02
  0.3907268      0.3907268      0.3966100      0.3966100    
  0.3888232      0.4294047      0.4240447      0.4198813    
  0.0000000E+00  0.0000000E+00  0.0000000E+00  0.0000000E+00
  0.0000000E+00  0.0000000E+00  0.0000000E+00  0.0000000E+00
  0.4209687      0.4264274      0.4098632      0.4117042    
  0.7432902      0.7499795      0.7551121      0.7464967    
  9.9307261E-02  9.9307261E-02  9.9307261E-02  9.9307261E-02
  0.8315527      0.9284811      0.7778076      0.8386486    
  2.4368595E-02  2.4414146E-02  2.4691969E-02  2.4461197E-02
