   1.239085       1.241192       1.237150       1.244637    
  0.1432918      0.1564961      0.1405404      0.1551027    
  0.1387396      0.1518025      0.1357499      0.1504815    
  1.3681308E-03  1.2379539E-03  1.4036519E-03  1.4072971E-03
  4.5432032E-05  5.0617939E-05  4.2790045E-05  5.3211756E-05
  0.1094376      0.1094376      0.1104957      0.1104957    
  0.5064912      0.5064912      0.5121158      0.5121158    
  0.6895177      0.6722237      0.6559356      0.7046767    
  0.0000000E+00  0.0000000E+00  0.0000000E+00  0.0000000E+00
  0.0000000E+00  0.0000000E+00  0.0000000E+00  0.0000000E+00
  0.6411611      0.6229161      0.6226866      0.6283530    
  0.9549056      0.9511427      0.9537195      0.9588597    
  0.1357293      0.1357293      0.1357293      0.1357293    
   1.156605       1.266762       1.067827       1.177753    
  3.6028542E-02  3.4742437E-02  3.6583818E-02  3.6452804E-02
