  5.9501054E-03
  0.4429328    
  1.4357526E-02
  6.4129062E-02
  3.4734625E-02
  0.4236483    
  0.0000000E+00
  0.0000000E+00
  1.9330151E-02
  0.2446081    
  0.0000000E+00
  6.8264060E-02
  2.0714635E-02
  2.2085341E-02
  0.1086885    
  0.0000000E+00
  1.5281307E-02
  0.0000000E+00
  0.0000000E+00
  0.0000000E+00
  8.0826879E-02
  2.1082988E-02
  0.0000000E+00
  0.0000000E+00
  9.6737398E-03
  1.6686555E-02
  0.0000000E+00
  0.5053493    
  0.0000000E+00
  0.0000000E+00
   1.304379    
  0.2373512    
  6.5475732E-02
  1.4364264E-02
  9.8200276E-02
  6.0138550E-02
  0.0000000E+00
  0.1888649    
  1.5413083E-02
  0.1388366    
  3.6168516E-02
  0.0000000E+00
  2.9961774E-02
  2.0574542E-02
  0.0000000E+00
  0.0000000E+00
  0.0000000E+00
  0.0000000E+00
  2.0860169E-02
  0.0000000E+00
  0.0000000E+00
  0.4870334    
  0.0000000E+00
  0.0000000E+00
  0.1607336    
  0.1420653    
  0.8972908    
  0.2459656    
  1.4357526E-02
  0.0000000E+00
  0.0000000E+00
  0.4027231    
  0.2598577    
   1.113196    
  1.7271904E-02
  0.0000000E+00
  0.0000000E+00
  2.8785416E-03
  1.3613183E-02
  0.0000000E+00
  0.0000000E+00
  1.4486669E-02
  0.1886889    
  1.8383147E-02
  3.2342132E-02
  6.2596849E-03
  0.1693077    
  0.0000000E+00
  1.7492304E-02
  0.0000000E+00
  5.8421340E-02
  0.0000000E+00
  0.0000000E+00
  0.0000000E+00
  0.0000000E+00
  0.1387091    
  0.0000000E+00
  0.1594516    
  0.2331097    
  0.0000000E+00
  2.2060318E-02
  0.1312412    
  2.0574542E-02
  0.0000000E+00
  0.0000000E+00
  0.0000000E+00
  5.9220595E-03
  2.5481973E-03
  0.0000000E+00
  0.5072541    
  2.0714937E-02
  3.5750913E-03
  0.1448986    
  0.8333138    
  6.2866576E-02
   1.696427    
  2.8606001E-03
  1.1335760E-02
  0.0000000E+00
  1.2689299E-02
  0.1902549    
  0.0000000E+00
  2.6420418E-02
  3.0320531E-03
  0.0000000E+00
  0.0000000E+00
  7.3573977E-02
  0.0000000E+00
  8.5190251E-02
  0.3009927    
  1.3613183E-02
  0.0000000E+00
   2.077878    
  0.0000000E+00
  0.0000000E+00
  3.7376280E-03
  0.0000000E+00
  0.1689849    
  0.0000000E+00
  5.9201848E-03
  0.0000000E+00
  8.6344875E-02
  0.0000000E+00
  3.2922521E-02
  0.0000000E+00
  1.3002211E-02
  1.0463693E-02
  1.1350968E-02
  0.0000000E+00
  2.2335824E-02
  7.4929870E-03
  4.1029397E-02
  7.0802695E-03
  6.0720257E-02
  0.0000000E+00
  0.1535950    
  0.0000000E+00
  2.2060318E-02
  0.4469904    
  0.1321355    
  6.8202347E-02
  1.1457465E-02
  0.1558369    
  5.4399618E-03
  2.5384778E-02
  0.2814637    
  0.0000000E+00
  2.5720815E-03
  0.0000000E+00
  5.9220381E-03
  0.0000000E+00
  0.0000000E+00
  2.2037718E-03
  3.3698156E-02
  0.0000000E+00
  0.5213011    
  0.0000000E+00
  5.9134133E-02
   1.189342    
  2.7860478E-03
  4.8567522E-03
  0.0000000E+00
  0.0000000E+00
  0.1216644    
  0.0000000E+00
  0.0000000E+00
  0.1346503    
  0.0000000E+00
  0.0000000E+00
  0.1391167    
  3.1926826E-02
  0.4535860    
  5.8421340E-02
  0.2062985    
  4.5822570E-03
  0.0000000E+00
  0.0000000E+00
  7.0893921E-02
  0.0000000E+00
  0.1901439    
  2.4357345E-02
  0.0000000E+00
  2.8544986E-03
  1.9929726E-02
  0.0000000E+00
  0.2809490    
  1.3908056E-02
  1.0466572E-02
  0.1108822    
  3.3262514E-02
  0.0000000E+00
  0.0000000E+00
  0.0000000E+00
  1.0488263E-02
  1.2128935E-02
  0.6053255    
  0.0000000E+00
  5.9220381E-03
  0.1680131    
  1.4354245E-02
  0.0000000E+00
  1.5072456E-02
  0.0000000E+00
  0.0000000E+00
  2.0587951E-02
  0.0000000E+00
  0.1172927    
  3.9624181E-02
  0.0000000E+00
  0.1218849    
  0.0000000E+00
  1.9877467E-02
  4.0658075E-02
  4.8406169E-02
  8.2931798E-03
  0.0000000E+00
  0.1489786    
  3.7840653E-02
  0.1607336    
  0.1217659    
  0.0000000E+00
  0.0000000E+00
  1.4128009E-02
  0.1374801    
  0.0000000E+00
  8.5487273E-03
  0.1390531    
  0.3264293    
  0.0000000E+00
  0.0000000E+00
  0.0000000E+00
  0.0000000E+00
  1.0466572E-02
  0.0000000E+00
  0.0000000E+00
  0.0000000E+00
  0.0000000E+00
  0.0000000E+00
  0.0000000E+00
  0.1650063    
  9.9941730E-02
  1.8783815E-02
  0.1258211    
  8.0079705E-02
  5.9220381E-03
  8.2654990E-02
  0.0000000E+00
  0.2556807    
  0.0000000E+00
  0.0000000E+00
  0.0000000E+00
  1.5948666E-02
  0.0000000E+00
  0.1788408    
  1.0491563E-02
  0.1430057    
  0.0000000E+00
  0.0000000E+00
  1.6404718E-02
  5.7793487E-02
  5.8421340E-02
  3.3343881E-02
  0.0000000E+00
  6.6465728E-02
  2.0745829E-02
  3.9125036E-02
  0.1216493    
  0.0000000E+00
  0.0000000E+00
  0.1463625    
  2.3920225E-02
  0.0000000E+00
  1.4599454E-02
  2.0579884E-02
  2.8606001E-03
  0.0000000E+00
  0.0000000E+00
  0.0000000E+00
  0.2364970    
  0.0000000E+00
  0.0000000E+00
  0.0000000E+00
  0.5489840    
  0.0000000E+00
  5.4647207E-02
  0.0000000E+00
  0.0000000E+00
  0.1610016    
  5.9333809E-02
  3.5750913E-03
  0.0000000E+00
  0.6073231    
  0.2022226    
  3.5524408E-03
  1.1380846E-02
  0.1169028    
  1.7333487E-02
  0.0000000E+00
  0.0000000E+00
  0.0000000E+00
  0.4382592    
  3.3307716E-02
  1.2422609E-02
  0.1591698    
  3.4410231E-02
  0.2195465    
  0.1845265    
  0.0000000E+00
  0.0000000E+00
  5.9300889E-03
  0.4225186    
  0.0000000E+00
  0.0000000E+00
  0.2640015    
  0.1638305    
  1.8771159E-02
  0.0000000E+00
  2.8606001E-03
  0.1894189    
  0.0000000E+00
  1.7473742E-02
  8.6006578E-03
  3.6027770E-02
  8.2017342E-03
  7.2540037E-02
  1.3613183E-02
  0.0000000E+00
  0.0000000E+00
  0.0000000E+00
  0.0000000E+00
  0.0000000E+00
  0.0000000E+00
  0.0000000E+00
  0.2863614    
  0.2833092    
  0.0000000E+00
  3.7376280E-03
  0.0000000E+00
  2.1098416E-02
  2.8606001E-03
  0.0000000E+00
  0.0000000E+00
  0.0000000E+00
  0.0000000E+00
  5.4096624E-02
  7.6538041E-02
  0.4587564    
  1.0466572E-02
  5.9220381E-03
  1.3613183E-02
   1.208749    
  3.2696232E-02
  1.2063183E-02
  0.0000000E+00
  0.0000000E+00
  0.7000998    
  0.0000000E+00
  0.1049989    
  0.0000000E+00
  6.6360943E-02
  3.1561018E-03
  0.0000000E+00
  0.0000000E+00
  0.2645417    
  3.5750889E-03
  2.6246520E-02
  0.2389707    
  0.0000000E+00
  0.6319567    
  0.0000000E+00
  0.1213206    
  0.0000000E+00
  1.4357526E-02
  0.0000000E+00
  1.0466572E-02
  0.3516580    
  4.0584885E-02
  1.5357397E-02
  5.4892939E-02
  0.1216493    
  4.7520556E-02
  0.0000000E+00
  2.8616763E-03
  0.3150608    
  0.1159888    
  0.0000000E+00
  0.1116696    
  7.0953473E-02
  0.0000000E+00
  0.0000000E+00
  9.7498395E-02
  0.0000000E+00
  0.0000000E+00
   1.741197    
  0.0000000E+00
  0.0000000E+00
  0.2480969    
  0.0000000E+00
  0.0000000E+00
  0.0000000E+00
  2.7860363E-03
  5.9220381E-03
  7.6446094E-02
  0.0000000E+00
  0.1548273    
  0.1554832    
  0.0000000E+00
  0.0000000E+00
  3.0274749E-02
  0.0000000E+00
  0.0000000E+00
  0.4235236    
  1.0463693E-02
  3.1980406E-02
   1.436376    
  0.0000000E+00
  0.2547025    
  3.5750889E-03
  0.0000000E+00
  0.0000000E+00
  0.0000000E+00
  0.1209239    
  0.2378973    
  0.0000000E+00
  0.0000000E+00
  0.0000000E+00
  1.8925043E-02
  0.0000000E+00
  0.1102519    
  9.1138355E-02
  0.3174421    
  4.6998747E-02
  0.3415715    
  0.0000000E+00
  8.0406196E-02
  2.0714635E-02
  0.7008629    
  3.2416392E-02
  2.9570291E-02
  0.4494969    
  0.0000000E+00
  0.0000000E+00
  5.1058665E-02
  0.3446985    
   1.004410    
  0.0000000E+00
  0.0000000E+00
  0.6161383    
  6.0148053E-02
  0.4732135    
  2.2060318E-02
  2.0574542E-02
  5.4286297E-02
  2.5059104E-02
  0.0000000E+00
  5.9220381E-03
  0.0000000E+00
  1.5286499E-02
  0.0000000E+00
  5.8483649E-02
  1.0519234E-02
  0.1216493    
  8.2898282E-02
  0.6053255    
  0.4361727    
  3.6233992E-03
  6.4905412E-02
  0.2700970    
  7.0720486E-02
  8.2904279E-02
  0.0000000E+00
  2.1812079E-02
  6.4951843E-03
  3.2698449E-02
  0.0000000E+00
  9.0326443E-02
  0.0000000E+00
  5.9300889E-03
  0.1598009    
  1.7938195E-02
  0.0000000E+00
  2.0723013E-02
  0.0000000E+00
  3.7376280E-03
   1.746329    
  0.2708255    
  0.0000000E+00
  0.1767583    
  1.7333504E-02
  0.0000000E+00
  0.1098011    
  1.0177181E-02
  0.0000000E+00
  0.0000000E+00
  5.9209652E-03
  7.9883181E-02
  0.0000000E+00
  0.1314394    
  0.6194029    
  0.0000000E+00
  5.8421340E-02
  0.0000000E+00
  0.1688351    
  0.1603592    
  0.1118102    
  0.0000000E+00
  0.0000000E+00
  1.3613183E-02
  5.3822365E-02
  0.1655802    
  0.0000000E+00
  1.4357526E-02
  0.0000000E+00
  0.1603653    
  0.0000000E+00
  8.5487273E-03
  0.6053255    
  0.0000000E+00
  0.0000000E+00
  0.3501412    
  0.1181957    
  0.0000000E+00
  5.8421340E-02
  0.2437993    
  0.0000000E+00
  0.2763083    
  2.0409148E-02
  1.7484860E-02
  5.8421340E-02
  3.5750889E-03
  0.0000000E+00
  9.5724940E-02
  0.1216493    
  4.5510656E-03
  0.0000000E+00
  3.0313404E-03
   1.175487    
  0.2756576    
  6.5329276E-02
  1.0907901E-02
  0.0000000E+00
  2.2498280E-02
  5.1871978E-02
  0.3307615    
  0.1103656    
  0.1338210    
  0.0000000E+00
  0.0000000E+00
  0.0000000E+00
  8.3588824E-02
  9.2085734E-02
  0.5867946    
  2.2355178E-02
  0.6053255    
  0.1920881    
  1.6234448E-02
  1.3270186E-02
  0.0000000E+00
  0.1474487    
  2.2073440E-02
  0.0000000E+00
  6.5999247E-02
  0.0000000E+00
  0.2438855    
  0.1045600    
  0.0000000E+00
  0.1692933    
  0.0000000E+00
  2.1090442E-02
  0.6053255    
  0.0000000E+00
  0.3432700    
  0.0000000E+00
  0.0000000E+00
  0.0000000E+00
  5.7250287E-02
  0.0000000E+00
  0.0000000E+00
  3.1820223E-02
  3.2543089E-02
  0.1116444    
  0.1607336    
  0.1155705    
  0.0000000E+00
  3.6323278E-03
  0.0000000E+00
  0.0000000E+00
  0.0000000E+00
  5.6269839E-02
  0.0000000E+00
  1.0566860E-02
  5.9478983E-02
  0.0000000E+00
  5.9221881E-03
  0.1221569    
  0.1678741    
  4.1023199E-02
  0.2275819    
  1.6730402E-02
  0.0000000E+00
  5.5401843E-02
  0.1337475    
  0.9186336    
  0.0000000E+00
  5.7613220E-02
  6.8735527E-03
  2.9102992E-02
  5.8421340E-02
  2.8606001E-03
  2.7009325E-02
  9.8550677E-02
  0.0000000E+00
  0.0000000E+00
  0.4927409    
  0.0000000E+00
  9.6771777E-02
  0.0000000E+00
   1.304379    
  0.1346590    
  0.0000000E+00
  1.1216440E-02
  0.0000000E+00
  6.6595428E-02
  0.0000000E+00
  1.0907764E-02
  0.0000000E+00
  0.3751599    
   2.077878    
  2.8606001E-03
  0.0000000E+00
  0.0000000E+00
  0.0000000E+00
  0.1402185    
  0.0000000E+00
  0.0000000E+00
  0.0000000E+00
  4.6048202E-03
  7.7797505E-03
   2.077878    
  0.2531148    
  0.1538815    
  0.2668506    
  2.8606358E-03
  5.9220381E-03
  0.0000000E+00
  0.5205175    
  0.0000000E+00
  0.2028784    
  2.8606001E-03
  5.9220381E-03
  2.2060318E-02
  0.0000000E+00
  0.7150342    
  0.0000000E+00
  0.2653573    
  3.9118170E-03
  0.0000000E+00
   1.337138    
  0.0000000E+00
  0.5450968    
  0.1196756    
  2.9458586E-02
  0.0000000E+00
  0.0000000E+00
  0.0000000E+00
  4.7774930E-02
  8.5074365E-02
  1.3613183E-02
  0.0000000E+00
  0.0000000E+00
  0.3771137    
  0.3755095    
  1.4357526E-02
  3.2672741E-02
  0.0000000E+00
  0.4249445    
  0.1530550    
  0.0000000E+00
  0.2904674    
  0.0000000E+00
  4.4561524E-02
   2.266036    
  0.4726326    
  0.0000000E+00
  1.5948666E-02
  1.5635150E-02
  5.9216909E-02
  6.7005008E-02
  0.0000000E+00
  0.3711507    
  0.0000000E+00
  8.2190037E-02
  2.8528322E-02
  7.4128889E-02
  2.8606001E-03
  0.0000000E+00
  2.4576530E-02
  2.2060318E-02
  5.9264405E-03
  0.0000000E+00
  0.0000000E+00
  1.5286499E-02
  0.3438215    
  0.1657789    
  8.4644416E-03
  0.7007438    
  0.1145864    
  0.3661087    
  7.2311118E-02
  0.0000000E+00
  2.5908630E-02
  0.0000000E+00
  6.8760715E-02
  1.7886920E-02
  0.2421350    
  7.4965097E-02
  0.0000000E+00
  0.0000000E+00
  4.8547596E-02
  0.1791590    
  5.9774374E-03
  0.0000000E+00
  3.6923576E-03
  0.7397578    
  0.0000000E+00
  0.0000000E+00
  3.5750889E-03
  0.1216493    
  0.0000000E+00
  2.0181681E-03
  0.0000000E+00
  6.4690158E-02
  1.9745847E-02
  0.0000000E+00
  7.0359334E-03
  0.0000000E+00
  4.4466980E-02
  0.0000000E+00
  2.2312572E-02
  0.1949741    
  1.4357526E-02
  0.6505847    
  1.7333487E-02
  0.0000000E+00
  0.0000000E+00
  0.0000000E+00
  0.0000000E+00
  0.4564840    
  1.4355634E-02
  0.0000000E+00
  0.1685119    
  6.2593020E-02
  0.0000000E+00
  1.8834097E-02
  1.8954057E-02
  0.0000000E+00
  4.3164164E-02
  0.0000000E+00
  0.0000000E+00
  0.0000000E+00
  0.7537528    
  0.0000000E+00
  1.4357526E-02
  0.0000000E+00
  0.1216493    
  3.3230029E-02
  0.4412587    
  0.0000000E+00
  0.0000000E+00
  0.2989166    
  7.1738749E-03
  0.0000000E+00
  1.5360088E-02
  0.2074274    
  3.8198549E-02
  5.6465339E-02
  1.0374231E-02
  0.0000000E+00
  0.1116791    
  5.9220381E-03
  2.0574352E-02
  0.6062371    
  2.0714635E-02
  0.0000000E+00
  3.3820625E-03
  9.9868141E-02
  0.6053255    
  0.2056433    
  0.0000000E+00
  1.3833747E-03
  0.0000000E+00
  0.1138377    
  3.7712147E-03
  0.3340881    
   2.077878    
  0.1589367    
  2.5651550E-02
  3.5778924E-03
  2.8606001E-03
  2.2356343E-02
  0.0000000E+00
  1.0466572E-02
  0.1974656    
  5.9230062E-03
  1.0177178E-02
  0.7009035    
  9.3174860E-02
  0.4731528    
  9.2522763E-03
  2.2766709E-02
  5.9220381E-03
  2.0574542E-02
   2.077878    
  2.6585475E-02
  0.5180121    
  1.4357526E-02
  5.7045218E-02
  0.0000000E+00
  0.1996293    
  1.8935820E-02
  0.5012624    
  0.0000000E+00
  6.1233710E-03
  0.4610822    
  0.0000000E+00
  0.0000000E+00
  1.8351981E-02
  0.0000000E+00
  0.7472014    
  0.0000000E+00
  0.2275819    
  0.0000000E+00
  2.0574484E-02
  4.3147295E-03
  0.0000000E+00
  0.0000000E+00
  0.2190847    
  0.1082132    
  0.0000000E+00
  5.9220381E-03
  1.0466572E-02
  0.0000000E+00
  0.1819164    
  0.0000000E+00
  0.2421073    
  9.7982436E-02
  0.0000000E+00
  0.4662530    
  2.5738920E-03
  0.1869647    
  0.0000000E+00
  5.9220381E-03
  0.0000000E+00
  5.7094187E-02
  0.1086429    
  0.0000000E+00
  9.4042718E-03
  1.1949965E-02
  3.8057289E-03
  0.0000000E+00
  6.2083423E-02
  0.2560830    
  0.0000000E+00
  0.0000000E+00
  0.4860408    
  0.0000000E+00
  0.0000000E+00
  0.0000000E+00
  0.5692880    
  2.2002352E-02
  0.0000000E+00
  1.4475514E-02
  0.5499076    
  6.0067889E-03
   1.156533    
  9.4100749E-03
  0.0000000E+00
  0.0000000E+00
  1.7512958E-02
  2.0575084E-02
  0.0000000E+00
  4.0883180E-02
  4.9259294E-02
  2.9102992E-02
  0.4138176    
  1.4357526E-02
  0.6239017    
  1.0486534E-02
  1.4352596E-02
  2.3602661E-02
  0.0000000E+00
  0.0000000E+00
  0.0000000E+00
  8.6344741E-02
  1.5644848E-02
  0.0000000E+00
  0.9735457    
  0.0000000E+00
  0.0000000E+00
  2.0722451E-02
  0.0000000E+00
  0.0000000E+00
  0.0000000E+00
  8.7510169E-02
  0.1957895    
  7.5821034E-03
  8.9361109E-02
  3.2847360E-02
  0.0000000E+00
  0.1127938    
  0.0000000E+00
  2.4096636E-02
  0.0000000E+00
  0.0000000E+00
  0.2438855    
  2.2063842E-02
  0.6490407    
  8.5487273E-03
  0.0000000E+00
  0.0000000E+00
  0.0000000E+00
  5.5619515E-03
  1.0492420E-02
   1.304379    
  3.5513841E-02
  7.6406561E-02
  2.0879775E-02
   1.275569    
  8.5906116E-03
  1.4357526E-02
  6.0618357E-03
  2.2530001E-02
  0.0000000E+00
  1.0466572E-02
  0.0000000E+00
  0.0000000E+00
  3.7201136E-02
  0.0000000E+00
  3.3370778E-03
  0.1102519    
  0.0000000E+00
  0.0000000E+00
  0.0000000E+00
  2.5384657E-02
  1.2006495E-02
  0.1623109    
  0.0000000E+00
  0.0000000E+00
  0.0000000E+00
  7.2808564E-02
  0.0000000E+00
  0.0000000E+00
  0.0000000E+00
  0.7087715    
  0.0000000E+00
  0.1252531    
  5.7242207E-02
  0.0000000E+00
  1.5367543E-02
  0.1266357    
  1.4357526E-02
  1.3020877E-02
  4.8555344E-02
  2.8606001E-03
  0.0000000E+00
  0.0000000E+00
  4.9986880E-02
  8.0972286E-03
  0.0000000E+00
  2.8787309E-03
  0.4034420    
  1.4358141E-02
  0.0000000E+00
  0.0000000E+00
  0.2397099    
  0.0000000E+00
  1.3639165E-02
  5.9220381E-03
  4.6657804E-02
  0.2725996    
  1.8044896E-02
  0.1971933    
  1.3206037E-02
  0.2745111    
  0.0000000E+00
  2.2256646E-02
  0.0000000E+00
  0.0000000E+00
  0.0000000E+00
  0.0000000E+00
   1.304379    
  0.0000000E+00
  0.0000000E+00
  0.0000000E+00
  1.9033981E-03
  0.0000000E+00
  0.7007438    
   2.077878    
  0.0000000E+00
  5.9496958E-02
  0.1010045    
  7.3374003E-02
  5.9220381E-03
  0.0000000E+00
  8.5487273E-03
  0.0000000E+00
  1.0103602E-02
  0.0000000E+00
  1.4077429E-02
  0.0000000E+00
  0.0000000E+00
  0.0000000E+00
  0.2557628    
  1.4346814E-02
  1.4355006E-02
  0.0000000E+00
  0.0000000E+00
  0.0000000E+00
  2.0721141E-02
  5.6309443E-02
  1.8208893E-02
  6.2554963E-02
  0.0000000E+00
  3.5750889E-03
  0.0000000E+00
  9.0308718E-02
  0.0000000E+00
  1.1107008E-02
  2.0519733E-02
  0.0000000E+00
  7.7397618E-03
  0.2916637    
  3.0257106E-03
  0.1777130    
  1.9825662E-02
  2.0586517E-02
  0.0000000E+00
  0.1047198    
  7.5060941E-02
  9.9867463E-02
  0.0000000E+00
  0.2275872    
  1.4367678E-02
  0.0000000E+00
  0.1529353    
  0.3040364    
  0.1651984    
  0.0000000E+00
  0.0000000E+00
  0.0000000E+00
  2.5159303E-02
  0.0000000E+00
  3.0106134E-03
  0.0000000E+00
  7.5924331E-03
  0.0000000E+00
  0.1258211    
  0.7000998    
  0.0000000E+00
  9.6549399E-02
  0.1379855    
  0.0000000E+00
  7.1853017E-03
  0.1371220    
  0.1214268    
  0.0000000E+00
  0.0000000E+00
  0.0000000E+00
  0.1909482    
   1.304379    
  0.0000000E+00
  0.0000000E+00
  0.1258211    
  0.0000000E+00
  2.8596632E-03
  1.7763551E-02
  9.9594360E-03
  2.7094981E-02
  0.0000000E+00
  4.6034679E-03
   2.139494    
  5.0759565E-02
  2.2060318E-02
  0.0000000E+00
  3.0587973E-02
  0.2974555    
  1.5189972E-03
  5.9220595E-03
  2.8605959E-03
  0.0000000E+00
   1.304380    
  0.0000000E+00
  5.9661161E-02
  0.0000000E+00
  0.0000000E+00
  0.0000000E+00
  2.5840566E-02
  1.0466572E-02
  1.3006164E-02
  0.0000000E+00
  0.0000000E+00
  0.5101881    
  0.1729078    
  0.0000000E+00
  0.0000000E+00
  2.0574551E-02
  0.0000000E+00
  0.3932593    
  0.2756576    
  0.1584051    
  3.7308555E-02
  0.1476957    
  0.2074274    
  0.0000000E+00
  0.0000000E+00
  0.0000000E+00
  2.8698731E-02
  4.1446585E-02
  2.8606001E-03
  0.0000000E+00
  0.0000000E+00
  0.0000000E+00
  0.1642454    
  0.0000000E+00
  3.7980457E-03
  2.6878450E-02
   1.101391    
  0.1399213    
  2.8606001E-03
  0.0000000E+00
  0.0000000E+00
  7.1234293E-02
  0.0000000E+00
  0.0000000E+00
  0.0000000E+00
  0.0000000E+00
  6.1650733E-03
  0.0000000E+00
  0.0000000E+00
  2.2599638E-02
  2.2076130E-02
  2.1918323E-02
  3.7765332E-02
  0.0000000E+00
  0.2573651    
  0.0000000E+00
  2.6228104E-02
  5.9220381E-03
  0.1303760    
  0.0000000E+00
  0.0000000E+00
  0.1457022    
  2.8606001E-03
  0.0000000E+00
  0.1826097    
  0.0000000E+00
  0.1246421    
  2.0714635E-02
  2.3616128E-02
  0.2529576    
   1.336591    
  2.2595329E-02
  1.9299490E-02
  8.5784635E-03
  0.1996865    
  2.1283310E-02
  1.1457465E-02
  0.0000000E+00
  0.0000000E+00
  7.9602711E-02
  0.0000000E+00
  0.2074274    
  0.0000000E+00
  0.0000000E+00
  0.1348229    
  0.0000000E+00
  0.0000000E+00
  0.1326598    
  0.0000000E+00
  6.8257615E-02
  0.3709999    
  0.0000000E+00
  9.6646249E-02
  0.2060277    
  9.9073999E-02
  0.0000000E+00
  4.0940572E-02
  0.0000000E+00
  0.0000000E+00
  0.0000000E+00
  0.1366270    
  0.1137971    
  0.4218861    
  8.5487273E-03
  0.7121761    
  1.4357526E-02
  5.5636554E-03
  7.3429398E-02
  0.1421873    
  0.0000000E+00
  0.0000000E+00
  2.8606001E-03
  0.0000000E+00
  2.0767868E-02
  0.0000000E+00
  1.9746751E-02
  0.0000000E+00
  1.0487637E-02
  0.0000000E+00
  6.3480157E-03
  0.0000000E+00
  4.0634684E-03
  1.2216691E-02
  0.0000000E+00
  8.5487273E-03
  0.0000000E+00
  1.0466572E-02
  1.9035265E-02
  8.7335393E-02
  0.0000000E+00
  0.0000000E+00
  0.0000000E+00
  1.7591665E-03
  5.8421340E-02
  0.7000998    
  0.0000000E+00
  0.2054460    
  5.9478983E-02
   1.621428    
  0.1675051    
  5.7045218E-02
  2.0586517E-02
  0.0000000E+00
  0.0000000E+00
  5.7537526E-02
  0.0000000E+00
  0.4232741    
   2.077878    
  6.8155698E-02
  0.0000000E+00
  0.0000000E+00
   2.077878    
  0.0000000E+00
  2.8838436E-03
  0.0000000E+00
  0.0000000E+00
  8.9693284E-03
  0.0000000E+00
  0.0000000E+00
  0.0000000E+00
  1.5391048E-02
  0.0000000E+00
  0.1258211    
  0.1039678    
  0.0000000E+00
  0.2357228    
  2.8606001E-03
  0.1484160    
  6.6019273E-03
  0.0000000E+00
  0.0000000E+00
  2.1792296E-02
  0.0000000E+00
  0.0000000E+00
  0.2295762    
  5.9220381E-03
  0.0000000E+00
  2.7993536E-03
  1.7434463E-02
  0.0000000E+00
  0.1265900    
  0.3700228    
  0.0000000E+00
  0.0000000E+00
  0.0000000E+00
  6.6444753E-03
  2.2060318E-02
  0.0000000E+00
  7.8744397E-02
  0.0000000E+00
  0.1688200    
  6.5435842E-02
  0.3608963    
  2.0714635E-02
  4.6768140E-02
  0.0000000E+00
  0.0000000E+00
  0.0000000E+00
  0.0000000E+00
  0.0000000E+00
  2.0586397E-02
  2.8830888E-02
  5.8786850E-02
  7.7524155E-02
  0.1102963    
  0.0000000E+00
  0.0000000E+00
  3.7056755E-02
  0.0000000E+00
  5.9840381E-02
  0.2358561    
  1.4357526E-02
  0.2010185    
  0.0000000E+00
  0.0000000E+00
  1.0466572E-02
  0.1996293    
  2.8606001E-03
  1.0479582E-02
  8.5487273E-03
  0.0000000E+00
  1.7855573E-02
  0.0000000E+00
  5.9220381E-03
  0.0000000E+00
  7.7035124E-03
  0.0000000E+00
  4.0634666E-03
  0.0000000E+00
  0.0000000E+00
  9.0264611E-02
  0.5459105    
  0.4220963    
  5.1276684E-02
  0.0000000E+00
  1.8205848E-02
  0.1063107    
  1.5657971E-02
  0.0000000E+00
  0.0000000E+00
  0.4562399    
  4.5561135E-02
  0.0000000E+00
  0.0000000E+00
  1.4357526E-02
  1.6258426E-02
  0.0000000E+00
  0.6053255    
  0.0000000E+00
  0.0000000E+00
  0.0000000E+00
  0.0000000E+00
  0.0000000E+00
   1.260350    
  1.0506328E-02
  1.2381394E-02
  2.8606001E-03
  1.0774939E-02
  0.2651694    
   1.051567    
  0.2277611    
  0.0000000E+00
  0.0000000E+00
  0.0000000E+00
  0.1937077    
  0.0000000E+00
  4.8094317E-02
  2.2060318E-02
  2.0714635E-02
  2.7668905E-02
  3.3926062E-02
  6.7934841E-02
  4.9994620E-03
  1.0466572E-02
  0.0000000E+00
  1.3666053E-02
  0.0000000E+00
  2.5806739E-03
  8.2741752E-02
  0.5841082    
  1.0388383E-02
  0.0000000E+00
  0.0000000E+00
  3.0459853E-02
  0.2438855    
  5.7045218E-02
  0.0000000E+00
  2.0588493E-02
  0.0000000E+00
  3.7120704E-03
   1.436376    
  0.0000000E+00
  0.0000000E+00
  6.1570141E-02
  2.2060318E-02
  2.2060318E-02
  0.1258211    
  2.0751594E-02
  5.7826847E-02
  9.2137896E-02
  7.1259313E-03
  0.0000000E+00
  2.7533416E-02
   1.304379    
  0.2610961    
  0.0000000E+00
  0.0000000E+00
  0.7985198    
   1.079491    
  1.1836845E-02
  0.0000000E+00
  0.2329194    
  0.0000000E+00
  2.4937637E-02
  2.9795449E-03
  0.0000000E+00
  0.2031549    
  0.0000000E+00
  0.7847936    
  7.2676903E-03
  2.0574542E-02
  2.2844629E-02
  0.0000000E+00
  8.2891829E-02
  0.2047877    
  2.0714635E-02
  1.5107892E-02
  0.0000000E+00
  0.0000000E+00
  0.0000000E+00
  0.0000000E+00
  7.6499999E-02
  3.5744077E-03
  0.0000000E+00
  1.9020395E-02
  0.1509291    
  0.1743341    
  0.6053255    
  9.5532618E-02
  2.0574542E-02
  0.1640511    
  0.1798043    
  0.0000000E+00
  0.0000000E+00
  2.1431562E-02
  0.2787833    
  0.2765050    
  0.6053255    
  0.0000000E+00
  0.1111239    
  0.0000000E+00
  0.2291271    
  1.9662267E-02
  1.0388388E-02
  0.0000000E+00
  0.0000000E+00
  4.7276936E-02
  6.4669386E-02
  0.0000000E+00
  0.0000000E+00
  0.0000000E+00
  0.0000000E+00
  0.0000000E+00
  3.3256259E-02
  0.0000000E+00
  3.5665594E-02
  2.4511704E-02
  0.0000000E+00
  0.0000000E+00
  5.9264405E-03
  1.0425022E-02
  0.0000000E+00
  0.0000000E+00
  2.1306116E-03
  2.8606001E-03
  1.5560199E-02
  0.0000000E+00
  2.0894390E-02
  0.4343652    
  0.1216493    
  0.0000000E+00
  8.4196344E-02
  3.4059599E-02
  3.6782054E-03
  1.6114507E-02
  0.0000000E+00
  0.5864631    
  0.2244216    
  0.2133183    
  0.0000000E+00
  0.0000000E+00
  7.3939376E-03
  0.0000000E+00
  0.2275819    
  0.0000000E+00
  2.3088196E-02
  0.0000000E+00
  3.5206128E-03
   1.392541    
  1.3456565E-02
  6.6960715E-02
  0.0000000E+00
  0.0000000E+00
  0.0000000E+00
  0.0000000E+00
  0.2560376    
  4.9986880E-02
  1.3613183E-02
  0.6797381    
  9.9529259E-02
  0.0000000E+00
  2.7561320E-02
  0.0000000E+00
  0.0000000E+00
  0.0000000E+00
  5.4979909E-02
  0.8178401    
  0.0000000E+00
  8.2654990E-02
  0.0000000E+00
  0.0000000E+00
  0.0000000E+00
  1.7427769E-02
   1.304379    
  9.7545944E-02
  3.6261017E-03
  0.0000000E+00
  0.0000000E+00
  8.1891805E-02
  2.1951493E-02
  0.3067194    
  0.0000000E+00
  7.9544801E-03
  0.0000000E+00
  0.0000000E+00
  4.8182122E-02
  7.3939376E-03
  1.6195390E-02
  1.7459843E-02
  0.0000000E+00
  0.2945579    
  1.0466572E-02
  0.0000000E+00
   2.077878    
  0.3098276    
   1.198537    
  1.0315923E-02
  0.0000000E+00
  0.0000000E+00
   1.075634    
  0.2352853    
  0.2084042    
  0.1528041    
  3.0313404E-03
  5.9220381E-03
  1.6501937E-02
  0.0000000E+00
  0.0000000E+00
  0.0000000E+00
  1.0154263E-02
  0.0000000E+00
  0.6195273    
  0.0000000E+00
  8.2654990E-02
  1.9035259E-02
  0.0000000E+00
  0.0000000E+00
  3.5864323E-02
  0.0000000E+00
  1.4357526E-02
  2.2584481E-02
  0.0000000E+00
  0.0000000E+00
  1.3613183E-02
  0.0000000E+00
  0.0000000E+00
  0.1962992    
  2.1437209E-02
  0.3240342    
  0.0000000E+00
  0.0000000E+00
  0.0000000E+00
  0.0000000E+00
  0.0000000E+00
  1.1793138E-02
  0.8080604    
  4.0883057E-02
  0.0000000E+00
  0.0000000E+00
  2.1768685E-02
  0.1310941    
  7.0975847E-03
  1.4282431E-02
  0.7140989    
  3.7189797E-02
  0.2167547    
  5.8470462E-03
   1.304379    
  0.0000000E+00
  1.9247146E-02
  0.0000000E+00
  0.7000998    
  0.0000000E+00
  0.0000000E+00
  0.1358451    
   1.304379    
  0.1258211    
  0.1006006    
  0.1443768    
  0.0000000E+00
  0.0000000E+00
  0.0000000E+00
  6.3155629E-02
  0.0000000E+00
  9.1295391E-02
  0.2974416    
  0.0000000E+00
  0.0000000E+00
  5.3553153E-03
  5.3464625E-02
  0.1805566    
  0.0000000E+00
  0.2979457    
  0.0000000E+00
  1.3815296E-02
  9.1797365E-03
  2.4704970E-02
  0.0000000E+00
  0.2400826    
  0.5220160    
  0.0000000E+00
  5.9220381E-03
  0.6053255    
  0.0000000E+00
  8.5487273E-03
  0.0000000E+00
  0.0000000E+00
  0.4136411    
  0.0000000E+00
  1.8301416E-02
  0.0000000E+00
  0.0000000E+00
  0.0000000E+00
  0.0000000E+00
  0.4184750    
  0.1607336    
  9.8662905E-02
  0.0000000E+00
  9.4276341E-03
  0.1728854    
  3.1741172E-02
  0.0000000E+00
  0.0000000E+00
  0.1089047    
  0.5578300    
  0.0000000E+00
  1.1228649E-02
  0.0000000E+00
  5.8385268E-02
  2.0539088E-03
  0.0000000E+00
  3.6986042E-02
  0.0000000E+00
  5.2488521E-03
  1.4667612E-02
  0.0000000E+00
  0.2066450    
  2.4552891E-02
  0.9414868    
  2.0714922E-02
  0.0000000E+00
  4.3161535E-03
  0.2341960    
  5.9220381E-03
  0.0000000E+00
  0.0000000E+00
  0.0000000E+00
  0.0000000E+00
  2.4825439E-02
  6.8742126E-02
  7.2503857E-02
  0.0000000E+00
  0.1258211    
  2.2060318E-02
  1.5251691E-02
  0.2074274    
  3.5750889E-03
  1.8644603E-03
  5.5299527E-03
  2.8606001E-03
  0.0000000E+00
  0.4293800    
  0.0000000E+00
  2.5384778E-02
  1.6813023E-02
  0.0000000E+00
  2.2060335E-02
  0.0000000E+00
  0.0000000E+00
  5.5940118E-02
  5.9220595E-03
  0.2980663    
   2.077878    
  0.1416950    
  0.0000000E+00
  0.0000000E+00
  0.1216493    
  2.2060318E-02
   1.107127    
  3.7404080E-03
  0.0000000E+00
  3.2620993E-02
  0.1310145    
  0.0000000E+00
  0.4172329    
  0.0000000E+00
  2.7923340E-02
  0.5763028    
  0.2439241    
  0.0000000E+00
  0.2047994    
  1.5430835E-02
  0.3337312    
  0.0000000E+00
  0.1052567    
  0.1209465    
  0.0000000E+00
  0.0000000E+00
  0.0000000E+00
  4.5623571E-02
  4.0634666E-03
  0.0000000E+00
  0.0000000E+00
  0.0000000E+00
  0.5481132    
  1.0942277E-02
  0.1258211    
  4.5475766E-02
  0.8843603    
  0.1830072    
  0.0000000E+00
  0.0000000E+00
  0.4401965    
  0.0000000E+00
  0.0000000E+00
  2.9176655E-03
  0.0000000E+00
  0.0000000E+00
  0.1258211    
  1.5886813E-02
  0.0000000E+00
  0.0000000E+00
  0.0000000E+00
  0.0000000E+00
  1.3506985E-02
  0.0000000E+00
  0.4967633    
  6.4692214E-02
  0.0000000E+00
  0.1229080    
  4.2855527E-02
  5.1741607E-02
  2.1951728E-02
  0.0000000E+00
  2.0733191E-02
  8.4335849E-02
  2.1338863E-03
  0.0000000E+00
  5.9708185E-02
  0.0000000E+00
  0.1258211    
  0.2275819    
  0.0000000E+00
  0.0000000E+00
  0.5947430    
  0.0000000E+00
  0.4355201    
  0.1868243    
  0.6336812    
  6.8457164E-02
  2.8606001E-03
  0.0000000E+00
  1.4357526E-02
  0.1652003    
  0.0000000E+00
  0.0000000E+00
  0.2049606    
  0.0000000E+00
  0.2084042    
  0.0000000E+00
  0.1216493    
  0.7000998    
  0.1784269    
  1.9661229E-02
  0.0000000E+00
  0.1236704    
  0.0000000E+00
  0.0000000E+00
  6.9812045E-02
  5.4735221E-02
  0.0000000E+00
  6.8034790E-02
  0.4235018    
  0.0000000E+00
  5.3583231E-02
  0.0000000E+00
  6.5867971E-03
  0.4481712    
  0.0000000E+00
  3.4341060E-02
  2.0574542E-02
  0.0000000E+00
  5.8421340E-02
  0.2829210    
  0.1266898    
  0.0000000E+00
  0.2839207    
  4.5259569E-02
  0.0000000E+00
  4.9986880E-02
  5.9300889E-03
  0.6053255    
  0.0000000E+00
  2.2622786E-02
  0.3522238    
  0.1645447    
  0.1680353    
  0.1169221    
  0.0000000E+00
  0.7560153    
  0.0000000E+00
  8.4037762E-03
  0.0000000E+00
  7.0474915E-02
  0.0000000E+00
  0.0000000E+00
  0.0000000E+00
  2.9280417E-02
  2.8606001E-03
  1.5951436E-02
  0.0000000E+00
  0.0000000E+00
  2.1922452E-02
  0.2719686    
  0.0000000E+00
  2.0574542E-02
  1.5076996E-02
  0.0000000E+00
  0.0000000E+00
  2.0714635E-02
  0.0000000E+00
  0.2928035    
  2.2989683E-02
  1.4357526E-02
  0.0000000E+00
  0.0000000E+00
  0.0000000E+00
  0.2527587    
  2.0714635E-02
  0.0000000E+00
  0.0000000E+00
  0.0000000E+00
  2.5455592E-02
  0.0000000E+00
   1.304379    
  1.3456518E-02
  0.0000000E+00
  3.6206748E-02
  0.1147085    
  2.6867051E-02
  0.0000000E+00
   1.609476    
  0.4146834    
  0.0000000E+00
  2.8606001E-03
  0.0000000E+00
  3.9200231E-02
  0.8420408    
  6.7752354E-02
  5.5299527E-03
  2.5860248E-02
  1.7333487E-02
  0.0000000E+00
  0.2260081    
  7.2676903E-03
  0.0000000E+00
  0.0000000E+00
  0.2074274    
  0.2417124    
  0.0000000E+00
  0.2303808    
  0.0000000E+00
  1.1945042E-02
  1.7554818E-02
  1.3749691E-02
  2.0714635E-02
  4.0736105E-02
  0.0000000E+00
  0.0000000E+00
   1.208713    
  0.2537055    
  0.0000000E+00
  0.1001699    
  4.3745022E-02
  0.5775639    
  0.0000000E+00
  0.0000000E+00
  0.3570322    
  0.0000000E+00
  0.0000000E+00
  0.0000000E+00
  3.7376280E-03
  0.2539425    
  0.1386339    
  7.7316565E-03
  1.0466572E-02
  3.8641043E-02
  0.0000000E+00
  1.4224873E-02
  0.0000000E+00
  5.7066467E-02
  6.1229609E-02
  0.0000000E+00
  0.1999061    
  0.0000000E+00
  0.3649628    
  0.0000000E+00
  0.0000000E+00
  0.0000000E+00
  0.0000000E+00
  0.0000000E+00
  0.0000000E+00
  0.0000000E+00
  0.0000000E+00
  0.0000000E+00
  2.0714963E-02
  0.7007050    
  2.5791165E-03
  2.8991314E-02
  0.0000000E+00
  0.1517445    
  3.5181042E-02
  0.1903718    
  0.1996865    
  9.9922687E-02
  0.1216493    
  0.2056433    
  0.0000000E+00
  1.2006503E-02
  0.1960533    
  0.0000000E+00
  0.0000000E+00
  4.2565115E-02
  0.1546679    
  3.1895794E-02
  0.1704179    
  4.8804611E-02
  4.5001158E-03
  0.0000000E+00
  3.6028672E-02
  0.3920279    
  0.0000000E+00
  0.1307989    
  0.0000000E+00
  0.0000000E+00
  2.9859496E-02
  0.6053255    
  0.4511250    
  1.1171507E-02
  0.1490347    
  0.0000000E+00
  8.5709579E-03
  4.3378033E-02
  3.6991471E-03
  0.0000000E+00
  2.2956390E-02
  0.1004077    
  0.1404797    
  0.0000000E+00
  0.0000000E+00
  5.7045218E-02
  0.0000000E+00
  5.3394061E-02
  0.2985537    
  6.0148053E-02
  0.0000000E+00
  0.0000000E+00
  1.0466572E-02
  4.1376051E-02
  2.6812650E-02
  4.0006239E-02
  0.0000000E+00
  0.0000000E+00
  0.0000000E+00
  0.1258211    
  1.3818462E-02
  0.6914653    
  1.0177178E-02
  1.1226816E-02
  1.4527246E-02
