  0.0000000E+00   1.858950    
  0.0000000E+00   2.437928    
  0.0000000E+00   1.514816    
  0.0000000E+00   11.13383    
  0.0000000E+00   20.15950    
  0.0000000E+00   22.84670    
  1.3228085E-10   2.311479    
  8.5118475E-12   3.016428    
  1.3780095E-04   1.857747    
  1.5655249E-04   21.02757    
  1.5266838E-04   21.72476    
  7.3158378E-07   24.81188    
  3.9194037E-10   2.514728    
  1.0205025E-04   2.841294    
  1.4913196E-04   1.803026    
  3.1352669E-04   22.61589    
  5.9598364E-04   23.81518    
  7.1259413E-04   25.35498    
  9.5509953E-05   2.368308    
  1.1923310E-04   2.679737    
  1.6416237E-02   2.281367    
  1.4283342E-04   20.62822    
  1.6492055E-04   24.38008    
  3.7867658E-02   26.01251    
  1.4897305E-04   2.709032    
  3.0813896E-04   2.549089    
  2.6384179E-02   2.822912    
  3.5919304E-04   24.14338    
  3.8548827E-04   25.92234    
  5.3397864E-02   27.76856    
  1.2237123E-04   2.590806    
  1.2382258E-04   2.891536    
  3.2635052E-02   2.681189    
  1.2540638E-04   24.92233    
  1.5944036E-04   26.41958    
  6.3357726E-02   26.70116    
  5.0068607E-05   2.334471    
  1.2829667E-04   2.654192    
  4.5805395E-02   2.575423    
  4.3739262E-04   24.47515    
  5.0757983E-04   25.62627    
  7.9614282E-02   34.68514    
  2.1912504E-04   2.427461    
  2.2122980E-04   2.626956    
  5.4023840E-02   2.852398    
  1.1139639E-03   23.84126    
  1.3411951E-03   26.96276    
  8.8691093E-02   33.40119    
  1.0580802E-03   2.547602    
  1.1108851E-03   3.077708    
  8.0008589E-02   3.252720    
  1.6224800E-02   25.39973    
  1.6507015E-02   27.33326    
  0.1167332       33.62631    
  1.8735683E-03   2.458122    
  1.9320755E-03   3.248806    
  6.5935843E-02   3.383425    
  3.0891741E-02   22.43636    
  3.3023655E-02   26.46056    
  0.1138517       33.63004    
  1.0654726E-02   2.726032    
  1.0717439E-02   2.615149    
  5.5958651E-02   2.765055    
  4.2144157E-02   20.14449    
  4.6066418E-02   24.29872    
  0.1110907       34.36695    
  1.2465952E-02   2.185980    
  1.3786282E-02   2.053677    
  0.4987958       2.354367    
  4.4333793E-02   19.93565    
  7.2394021E-02   21.89618    
  0.7581474       29.83777    
  6.6275252E-03   1.846070    
  2.9092443E-03   1.575966    
  0.3732308       1.942873    
  3.9286733E-02   19.82400    
  6.5712243E-02   21.95914    
  0.6880936       27.29559    
  2.7356441E-03   1.496151    
  8.0297919E-05   1.219394    
  0.2541822       1.385383    
  3.1450562E-02   19.24498    
  5.4512009E-02   21.12721    
  0.5897669       23.66540    
  9.9111535E-04   1.146819    
  4.1740936E-05  0.8954740    
  0.1455548      0.9844248    
  2.2298742E-02   18.23333    
  3.3115666E-02   20.29333    
  0.4640054       20.34597    
  2.2486615E-04  0.4646876    
  2.2405137E-11  0.5906895    
  6.0220994E-02  0.6375713    
  1.3542384E-02   15.73744    
  1.1156552E-02   18.15066    
  0.3275208       17.82071    
  2.8401930E-05  0.2521611    
  3.6051657E-05  0.3157513    
  6.4091124E-03  0.3457135    
  4.8555243E-03   12.67362    
  4.1680288E-04   14.62884    
  0.1841481       15.10663    
  9.2542441E-06  0.1303905    
  3.5585446E-05  0.1280202    
  3.0434301E-05  0.1332236    
  5.6808779E-04   5.822312    
  1.1023884E-04   9.399979    
  7.5817168E-02   10.21624    
  9.9946201E-06  5.1390864E-02
  3.5583907E-05  4.6505006E-03
  1.7891656E-05  3.6829868E-03
  2.6677671E-05   3.986276    
  6.9062298E-05   6.851503    
  9.2121260E-03   7.089606    
  5.0157247E-09  1.2011137E-02
  4.5845602E-05  3.0011908E-04
  2.0053511E-05  8.8736357E-04
  2.2015294E-05  0.3841313    
  6.1957930E-05   2.848558    
  8.6425891E-05   3.840069    
