  0.9299000      7.0100002E-02  0.0000000E+00  0.0000000E+00  0.0000000E+00
  0.0000000E+00
  3.9200000E-02  0.9216000      3.9200000E-02  0.0000000E+00  0.0000000E+00
  0.0000000E+00
  0.0000000E+00  0.1802000      0.8198000      0.0000000E+00  0.0000000E+00
  0.0000000E+00
  0.0000000E+00  0.0000000E+00  0.0000000E+00  0.8500000      0.1500000    
  0.0000000E+00
  0.0000000E+00  0.0000000E+00  0.0000000E+00  2.5000000E-02  0.8750000    
  0.1000000    
  0.0000000E+00  0.0000000E+00  0.0000000E+00  0.0000000E+00  5.0000001E-02
  0.9500000    
