   6.000135    
  -5.170414    
   9.335224    
  -1.095187    
  0.9402519    
   5.303447    
   2.637469    
   1.321793    
 -0.6258466    
  0.6027122    
  -2.416135    
   1.114886    
  -1.807301    
  0.8223408    
 -0.3414343    
  -1.012547    
 -0.4795140    
  -1.665049    
   2.808190    
 -0.1630061    
   1.084787    
   2.161775    
  0.6540014    
  -7.725116    
  -9.280970    
  0.6051945    
  0.0000000E+00
 -0.8024158    
  -1.340661    
  0.1940901    
  -3.070363    
 -0.1764099    
  -4.890955    
   5.662776    
  -1.795287    
 -0.2878652    
  0.7748439    
  0.2250003    
  -1.515434    
  -1.680005    
   2.630287    
   2.744895    
  -15.14674    
 -0.6330847    
   3.496062    
  -1.166633    
  0.1213458    
  0.2958789    
  -1.480467    
  -1.340312    
  0.4909251    
  0.5189341    
   1.041609    
   1.016000    
   1.815004    
   2.100617    
  0.6362303    
   4.395243    
   7.623285    
  0.5782564    
  0.8498473    
   1.130177    
  -1.904646    
   1.679639    
   4.526559    
  -1.064430    
  0.3174722    
  -1.166633    
  -1.524061    
  -2.370942    
  0.6371418    
 -0.8132786    
  0.6615629    
 -0.3414343    
 -0.7354727    
   4.068169    
  0.6802055    
  0.7506346    
  0.2259891    
  -1.351959    
 -0.9526660    
  -2.224610    
  7.6422751E-02
  0.6489565    
  0.7352149    
 -0.3190182    
   2.767848    
  0.9742825    
   1.074733    
  -1.374138    
 -0.3414343    
  -4.130009    
  -1.389440    
  0.1226877    
   9.033791    
  -3.501499    
 -0.9959961    
  -1.272220    
 -0.3414343    
  0.5488786    
   10.69076    
   1.848327    
   1.202592    
  -1.411087    
  0.9232711    
 -0.4281838    
  -3.087976    
 -0.5109327    
  0.6477585    
  -3.911700    
 -0.8503943    
  -1.864010    
 -0.4812148    
  -3.603876    
   1.087970    
  0.0000000E+00
 -0.6761079    
   3.198170    
 -0.5736984    
  -1.941041    
   1.601504    
   7.407422    
   2.208061    
 -0.8499128    
 -0.4127604    
 -0.9854583    
   5.421193    
 -0.3414343    
   27.52037    
  0.4490703    
  -5.366221    
  -2.538505    
  0.3364133    
  0.4906455    
   9.867258    
  -2.326645    
 -0.9063527    
   2.258038    
   7.852470    
  0.1693422    
  -2.246236    
  -4.874260    
  -1.773267    
   5.041586    
   1.511356    
   9.011027    
 -0.5150747    
  0.6012864    
  -1.315023    
 -0.9600807    
 -0.3414343    
  0.8540742    
  -4.884558    
  0.7979524    
   2.767985    
  -2.479468    
  -2.892846    
   3.015383    
  -1.137940    
 -0.3196712    
   4.189898    
   1.006322    
   2.776311    
   3.275268    
   1.412225    
  -1.053980    
 -0.9664525    
  -1.261607    
  -3.880445    
  -36.16077    
  -4.119062    
   5.466247    
   9.651407    
  -3.721910    
   4.744168    
 -7.4423850E-02
  0.0000000E+00
   1.596245    
 -0.6992012    
  -1.318612    
  -2.828378    
  0.4708929    
  -2.296391    
  -2.977842    
   6.374782    
 -0.9670443    
  -2.564202    
 -0.1236865    
 -7.8587132E-03
  0.5278930    
  0.9039226    
  0.0000000E+00
  -6.174936    
 -0.5272879    
   2.514588    
   2.203506    
   1.623825    
  0.1121367    
 -0.7936303    
   1.662900    
   2.037854    
   1.217848    
  -12.72980    
   7.021495    
 -0.9959961    
  -1.687824    
  -1.093924    
 -0.9756470    
  -2.128516    
 -0.6713268    
  -1.460693    
  0.2865323    
   1.463862    
   4.868256    
   3.797162    
  -12.94081    
  0.4486994    
   7.204385    
  -3.726163    
 -0.7661613    
   1.812756    
  0.2190178    
  -1.747341    
   4.422439    
   3.002504    
  5.1245164E-02
 -0.6451008    
   1.928813    
   1.590028    
   3.876438    
 -0.8116377    
  0.4030270    
  0.5551984    
  0.6619486    
  0.0000000E+00
  -2.701259    
  -2.066985    
  -2.357996    
  -9.204027    
 -0.1313221    
  -4.615874    
   1.316111    
   3.390663    
   8.279907    
  -3.738179    
   9.665122    
  -1.335979    
  0.7005361    
  -1.108522    
  -5.882111    
   6.901649    
  -3.221553    
   1.933291    
  -1.941414    
   1.648850    
  0.3081458    
  -2.251372    
   5.581157    
   3.716619    
  0.6650334    
  6.3368239E-02
  -3.304024    
  0.8436688    
  -2.082170    
  0.3025177    
  -2.503493    
  -1.923411    
 -0.9467676    
  -2.819421    
  -1.007228    
   5.004555    
 -0.4547491    
   4.710356    
   4.204989    
  -1.033620    
   1.355079    
  -2.479468    
  0.1163707    
 -0.3023589    
   6.683346    
   1.531488    
   2.509480    
   1.345054    
   3.138950    
 -0.2209979    
  0.1974665    
 -0.3684413    
 -0.3534427    
   2.173044    
  -2.091249    
  -1.376521    
   3.419905    
   3.743280    
 -0.9273892    
 -2.1022817E-02
 -0.8437572    
  -1.368416    
   1.124366    
   3.636636    
  -2.819575    
  0.4665779    
  -1.375633    
  -2.562020    
  0.5164451    
  0.7772090    
  -2.117703    
 -0.9551903    
  0.7923443    
  -1.002511    
   2.933833    
  0.8387349    
   1.123505    
 -0.9718009    
   4.046113    
  0.8891724    
  -2.504636    
  -2.407849    
   1.033345    
   5.371016    
  0.5746702    
  -1.166633    
   3.989602    
  -7.376432    
   2.735071    
   4.444089    
 -0.5971625    
  -7.152582    
  0.4746049    
   1.867586    
   3.481607    
  -2.162346    
   4.295766    
  0.5228849    
  -1.142304    
   2.514487    
   3.826626    
 -0.3231890    
   2.318056    
  2.8735893E-03
  -1.377874    
  -1.735377    
   4.676973    
 -2.2972783E-02
  -2.392154    
   8.713867    
  -1.208286    
   1.291656    
  -1.183655    
 -0.7192443    
  -3.568160    
   3.469527    
  -1.145464    
   2.223523    
   1.046582    
  0.3069448    
 -0.9844317    
 -0.4269373    
  0.9323410    
   1.125199    
   17.18991    
   1.222428    
  -1.096864    
 -0.7896000    
   1.264535    
 -0.4815168    
 -0.9016479    
  -1.586172    
  -3.688302    
   1.398503    
  0.2534930    
   1.368322    
  0.5380713    
   8.104104    
  0.5714611    
   3.321659    
   1.606401    
 -0.4775714    
 -0.5840411    
 -0.3414343    
  -3.011780    
  -1.749884    
 -0.3442976    
   17.71003    
  -1.100409    
   3.763990    
  0.1423417    
  0.5326188    
  0.7643231    
  -1.217162    
   16.74279    
  -1.004184    
  -2.926378    
  -1.347010    
 -0.9301866    
   3.507221    
  6.5579966E-02
  -2.301812    
   11.70675    
  0.8929401    
   1.428535    
  0.2776317    
 -0.8491961    
  -1.541110    
  -2.622986    
   1.970820    
  0.9911011    
  -3.135113    
  -1.912339    
  0.1666729    
   3.714496    
  0.3052481    
 -0.8604850    
 -0.8344849    
   1.575394    
   1.202948    
  -2.018806    
   4.415752    
   3.148594    
 -0.7222545    
   6.574386    
  -1.919358    
  -1.043556    
   10.89887    
   5.500992    
  -11.22477    
   3.360760    
 -0.5813686    
   3.278509    
   2.072949    
 -0.4989562    
  -3.141704    
  0.1660285    
  -1.871590    
 -0.1561447    
   1.059721    
   12.05651    
 -0.7449365    
 -0.3417821    
  -1.994441    
  -1.803151    
  0.3797599    
  -2.973287    
  -1.772403    
  -1.262663    
   20.40466    
  -1.272843    
  0.3425498    
   3.263135    
   3.752925    
  -1.015614    
   3.841827    
   23.56139    
   4.136173    
 -0.2605348    
  -3.242977    
  -1.717530    
  -1.786965    
 -0.1680980    
  1.0690850E-02
 -0.4909755    
 -0.4080971    
  -2.053880    
  -1.548667    
  -3.956997    
  -5.432409    
  0.3009948    
  -8.758543    
   7.688044    
   8.051637    
  -4.193547    
   1.784949    
  0.0000000E+00
   1.867191    
  -4.539809    
   1.759510    
  -1.248800    
  -3.545973    
  0.5524644    
 -0.3351028    
   7.942361    
  -1.948174    
 -0.6071239    
 -0.9959961    
  1.2242232E-02
   1.666176    
  -1.335979    
   1.705647    
  -2.007291    
  0.9901055    
   1.576511    
   5.072446    
 -0.7720388    
   6.291732    
 -0.5994744    
 -0.3493497    
   3.953583    
   1.437802    
  -1.578962    
   7.193140    
   16.84135    
   44.43084    
   2.985274    
  -8.493390    
   2.358019    
  0.3910365    
  -3.975789    
   2.142750    
  -3.200667    
   9.208608    
   2.174468    
   2.509433    
  -1.397237    
   3.851885    
 -0.1111936    
 -0.3864079    
  -1.923017    
   1.557617    
   1.125917    
  0.1660837    
 -0.4210131    
  -5.724839    
  -1.744606    
   7.173267    
  -5.674275    
  -1.389202    
  -6.985260    
   3.762029    
  0.5300295    
  0.9585423    
   4.186712    
  -3.481799    
   4.873744    
  -2.104135    
   1.283665    
  -2.974940    
   1.423327    
   10.73560    
  -3.875414    
  -1.833739    
   1.307978    
  -15.88080    
 -0.6696687    
   2.602820    
 -1.5059105E-02
  -2.667790    
  -2.078368    
  -2.234520    
  0.6964183    
  -1.166633    
   1.479211    
  0.9675783    
  0.8276685    
   3.223788    
  0.4530288    
  -1.886822    
 -0.3414343    
   1.006378    
   1.139554    
 -0.6106247    
  0.8544267    
  -1.646912    
   1.979239    
  -1.522539    
  -3.602004    
 -0.4731239    
   1.749301    
  -3.630915    
 -0.7414094    
   1.584195    
 -0.8729866    
  0.5090100    
  -1.449240    
 -0.6600346    
  -8.670003    
   13.49522    
  -1.065193    
 -4.9829882E-02
  -1.294258    
   6.390684    
 -3.0383147E-02
  -1.335979    
 -0.3414343    
  0.6581875    
  0.1434330    
 -0.5796211    
 -0.3414343    
   1.219488    
   3.603557    
  0.0000000E+00
  0.9085741    
   4.346917    
 -0.4335307    
  -2.138277    
  3.4675106E-02
  0.7449878    
 -0.3470874    
  -1.381552    
  -2.032529    
   3.971487    
   1.859336    
   2.048814    
   1.470629    
 -0.8678165    
   5.334938    
  0.5840123    
 -0.9667134    
  -1.297770    
  -4.217622    
  -8.516800    
  -2.621995    
  0.4180340    
  -1.092968    
  0.4329058    
  -4.219380    
   1.456038    
   2.999952    
  -1.636795    
  -2.095612    
   2.314815    
  0.8544318    
  0.7229644    
  -1.107846    
  0.6981710    
   14.45584    
  -2.623322    
  -1.164842    
  -2.548212    
  -1.335979    
   25.41421    
   2.465668    
  -2.538505    
   2.253771    
  -13.76357    
  0.6374723    
  -5.039878    
  -3.007495    
 -0.2378973    
 -0.1315165    
   4.384516    
  -1.746766    
  -1.439552    
   3.053246    
 -0.5192965    
  -1.554243    
  -18.67975    
  -1.096864    
  -1.408980    
  0.7084966    
  -1.680960    
   3.610710    
  -3.739597    
   4.145770    
   1.291565    
   1.492278    
   3.265426    
   10.18566    
   1.203716    
 -0.6981496    
  -1.440015    
  7.5409979E-02
  0.6247712    
   3.064675    
  -3.594163    
  -3.597378    
 -0.9812957    
   2.244679    
   2.806118    
   1.357686    
 -0.2719057    
  0.1375722    
  0.4568410    
 -0.4086802    
 -0.8318440    
 -0.5970301    
   32.32402    
 -0.8528002    
  -1.166633    
  -1.012774    
  -1.356167    
   2.726049    
  0.5421705    
 -9.8276645E-02
  0.2137043    
  -3.517948    
 -0.4921826    
  -7.159832    
   3.216332    
  -1.026869    
  -2.759502    
 -0.8739677    
  -4.937703    
  -7.369899    
   3.531189    
   2.999832    
   2.483874    
  -1.962695    
   6.612796    
  -1.544162    
   2.668322    
   9.794502    
  9.3948804E-02
   5.380057    
 -0.5470738    
  -2.439941    
  0.8607100    
   5.237494    
  -5.431191    
   4.373244    
  -3.472157    
   5.038749    
  -1.187256    
   1.198583    
  -1.651654    
 -0.8561919    
  -2.166246    
  0.1355543    
   5.504837    
  -3.219263    
  -3.417648    
 -0.8653166    
  0.0000000E+00
   2.467594    
  -2.583310    
 -0.1245077    
   1.064837    
   5.352355    
  0.9898761    
  -1.079222    
  -1.724714    
  -1.258883    
  0.4955183    
   1.493663    
   1.932801    
   3.317712    
 -8.2770512E-02
  -2.764079    
   4.115523    
  -1.526385    
  0.9442436    
  -3.441161    
  -3.087976    
  0.8712832    
  0.3986020    
  -1.284426    
  -2.035279    
   1.567202    
  0.4925058    
  -14.16709    
  0.1957445    
  0.2376364    
  -1.172047    
   3.000199    
   2.138494    
  -4.179766    
   1.377221    
  -2.045020    
  -1.166633    
 -0.4365276    
  0.7066547    
   1.094816    
  0.0000000E+00
 -0.6850641    
  -2.102320    
   2.318290    
   18.32043    
  -4.066069    
  -2.648630    
   2.110439    
   4.977369    
 -0.3341530    
   7.111957    
   4.840042    
  -6.908453    
  0.0000000E+00
  -1.208023    
   19.24898    
  -1.166633    
  -3.041216    
  -1.671084    
  0.3393790    
 -0.1419828    
  0.3213412    
   1.465981    
   4.264753    
  -4.244832    
   4.274081    
   5.759485    
 -0.3414343    
   3.356201    
  0.6541216    
  0.6575113    
 -3.3561099E-02
   1.781805    
  0.7282124    
 -0.3414343    
   2.131778    
 -0.3493778    
   4.931967    
   4.657729    
 -0.5258864    
  -2.095347    
  0.0000000E+00
  -10.85894    
   7.690740    
   3.798386    
 -0.4057595    
  0.6134225    
  -1.330923    
   1.700032    
  -1.634145    
  -1.744606    
  -1.166633    
  0.2014197    
  -1.327636    
   2.816546    
  0.6682840    
   1.601126    
   41.12648    
   4.583341    
  -1.687181    
 -0.7995790    
  -1.294667    
  -1.450515    
 -0.1066965    
  0.3119943    
  0.5665179    
   2.339499    
  -3.853353    
  -2.554186    
   1.366288    
   2.303237    
  0.6717637    
  -3.205813    
  0.1654984    
  4.7037050E-02
  -1.539591    
   1.361626    
   3.460908    
  -1.288101    
  -5.981164    
   2.037193    
  -2.730412    
   13.74690    
 -0.3778991    
   1.170700    
  0.6747847    
 -0.3414343    
   1.296000    
  0.8813577    
   4.014164    
  0.6798966    
   2.018435    
   8.051968    
  -4.590682    
   1.540412    
  -2.129175    
 -0.8434116    
  -1.314343    
   1.402387    
  0.6319802    
 -0.9959961    
  0.1185561    
  -3.372978    
  -5.738725    
  -2.063408    
  0.5289180    
  -1.772621    
   1.745737    
   4.849525    
  -2.789768    
  0.1265876    
 -0.1373379    
  0.2248133    
  0.3848501    
   3.836343    
   2.620831    
 -0.7419105    
  -1.378738    
   1.081959    
   2.946989    
   6.307047    
  -2.896375    
  -2.153201    
  2.2751007E-02
   5.762997    
  -1.618967    
  -3.323626    
 -0.5434999    
   1.695504    
   7.223118    
 -0.3414343    
   1.341482    
  0.0000000E+00
 -0.7311707    
  -1.093924    
  0.6822843    
   1.720452    
  -10.13804    
 -0.9959961    
  -3.010546    
 -0.1872716    
  -1.229702    
  -2.139257    
  0.7707088    
  -2.479468    
   1.056170    
  -1.685238    
  -3.058468    
  0.5533207    
  -1.050141    
   5.440738    
   1.386414    
  -1.096864    
  0.9007415    
 -0.9755444    
  0.2395443    
  0.5385010    
 -0.5567414    
   1.659399    
  -1.251817    
 -0.7600281    
  -4.488392    
  -1.602441    
  -2.807258    
   3.935183    
 -0.3414343    
   2.400825    
   5.782389    
  -2.065550    
 -4.2917978E-02
   4.662556    
  -1.049169    
  0.9766144    
   2.715964    
  -6.078544    
  -4.389110    
   5.603112    
   1.673592    
   1.549828    
  -1.125128    
  -1.666225    
   1.539057    
  0.5285554    
  -1.995798    
   5.752166    
   1.611830    
   1.646054    
 -0.8613120    
 -0.5368878    
  -2.525588    
  0.0000000E+00
 -0.6436262    
  -2.672765    
  -4.499940    
  -1.003942    
  -4.656872    
 -3.0878790E-02
 -2.8103389E-02
  -5.134143    
  -2.531571    
 -0.4211957    
  -3.338418    
  -7.559263    
  0.3934893    
  -1.651654    
   3.831311    
  0.4288578    
  0.4887233    
   4.043951    
 -0.4218431    
   1.753172    
 -0.9795579    
  -2.331545    
 -0.4825227    
  0.8684561    
 -0.3414343    
  0.7541424    
   1.666849    
   1.801640    
   4.486620    
   5.091004    
   4.532165    
  0.4988546    
  0.7034906    
   2.974033    
 -0.9959961    
 -1.3880608E-02
 -0.5928503    
 -0.9207863    
  -1.646912    
   2.559866    
  -1.651654    
  -7.134810    
   6.635007    
 -0.6900789    
 -0.9959961    
   12.04069    
  -7.134738    
  0.3040456    
   1.067577    
   2.790519    
 -0.8116089    
 -0.2820624    
  -1.430060    
   8.106899    
  0.1028361    
 -0.2455207    
  -3.781693    
 -0.8293962    
 -7.2647408E-02
   1.985188    
  0.1079560    
 -0.7225415    
  -7.453026    
   6.185169    
  -1.289579    
  -1.314343    
 -0.4956148    
  -6.390104    
  -12.27352    
   3.112013    
  -4.098025    
 -0.5925270    
   2.407860    
   14.01353    
  0.4562589    
 -0.5860447    
  -4.907831    
  -10.07092    
  -2.094181    
  0.0000000E+00
 -0.1182267    
  0.2821370    
   1.564672    
 -0.7087654    
  -2.102320    
   5.180733    
   2.729906    
  -5.208609    
   1.871441    
 -0.6135724    
   15.85176    
   4.482010    
   1.102520    
   5.025732    
  -5.330605    
  -1.565234    
  0.9886419    
   2.304153    
  -14.97376    
  -3.623738    
  -2.345896    
 -0.3328566    
  -1.207068    
  -1.199259    
   5.686790    
   6.493142    
 -0.2257001    
   1.431063    
  -2.168264    
  -6.493046    
  -2.037704    
   2.253245    
   7.888230    
  -2.076507    
   2.529597    
   30.83995    
  -6.254700    
  -1.596111    
   4.371603    
 -9.4960257E-03
   6.767339    
  -1.166633    
  0.7695493    
  0.1406974    
  0.7566058    
  0.2202004    
  -5.570846    
 -0.7219046    
   2.889956    
   1.092859    
  -1.272227    
   1.016707    
   1.863325    
   13.23145    
   1.088608    
 -0.4440812    
  -2.095160    
 -0.9240423    
  0.6106563    
 -0.3414343    
  0.1624157    
 -0.7804469    
  -1.564075    
   8.719429    
  0.2784823    
 -5.5253323E-02
   2.379455    
   3.596344    
  -2.268789    
  -3.103386    
   3.966829    
  0.5049553    
  -1.270236    
  7.9801463E-02
 -0.4441702    
   2.230595    
 -0.1388565    
 -0.5409153    
   3.411811    
   6.521301    
   1.454221    
  0.5704309    
  -2.870591    
   1.126906    
  -11.73396    
  -1.138210    
   2.663208    
  -3.812387    
   1.094545    
 -0.3246486    
   3.927257    
 -0.2259766    
   3.379649    
  0.0000000E+00
  -1.177461    
  -1.096864    
  0.8900455    
   23.50523    
 -0.4061104    
   1.352985    
  -1.377635    
   1.606539    
 -0.5644242    
   5.940007    
  -1.992566    
 -6.1299738E-02
  0.5365245    
   12.59010    
 -0.3537583    
  0.1101923    
   3.848880    
 -9.2891566E-02
   1.615906    
  0.3111765    
   1.572728    
 -0.8068882    
  0.8046347    
  -2.868142    
  0.3356341    
   9.840427    
   7.734898    
   5.578720    
   3.472989    
   8.037081    
  0.5183944    
   2.372687    
  0.9375598    
  0.1902172    
   2.526718    
  0.7661197    
   5.711724    
 -0.8012778    
  -1.597431    
 -0.8740139    
  0.7937453    
   3.539879    
  -1.729919    
   1.501069    
  0.0000000E+00
   2.846204    
 -0.3414343    
  -2.479468    
  -1.055728    
  5.5277650E-03
  -10.50854    
  -2.765962    
   2.722231    
  -3.385881    
  -1.055020    
   3.464042    
   3.064746    
 -3.5145216E-02
   2.970889    
   5.102684    
   2.495374    
   6.125013    
  -2.090595    
 -0.8439440    
  -1.096864    
  0.4995561    
 -0.9959961    
  -2.686476    
   5.787298    
  -1.796410    
   2.137118    
   5.602824    
 -0.3764027    
  -1.633549    
  2.1614965E-02
 -0.5508026    
  0.9873815    
  0.1625891    
 -3.7087385E-02
  -1.179363    
   1.154230    
  0.5567838    
   6.885158    
 -0.4650317    
  -2.378736    
  9.0058841E-02
 -0.6815386    
  -1.511916    
  -7.735034    
   4.475929    
  -1.967640    
   3.562790    
  -1.027957    
   2.649601    
   3.376169    
   1.996465    
  0.4506934    
 -0.7653100    
   1.539114    
   6.892149    
   1.520953    
   1.489722    
   13.65877    
  -1.890527    
   1.846910    
  -1.182444    
  0.3325139    
 -0.4591509    
  -3.291149    
 -0.6619154    
   2.599032    
  0.3230396    
  0.2918657    
  -1.889243    
   4.851530    
   2.126059    
   2.127154    
 -0.2363741    
 -0.8268430    
   1.331580    
  -2.032954    
 -0.9902899    
 -0.9454802    
  0.9585922    
  -2.485604    
 -0.6159936    
   1.414242    
 -0.4208104    
 -0.3414343    
  -2.590428    
  -2.102320    
  -1.201210    
  0.2901721    
 -0.5788715    
   1.375835    
  -8.028657    
   1.090502    
   6.502991    
 -8.4059492E-02
  -1.450424    
 -0.3525114    
  -20.71885    
  -1.030416    
  -2.017157    
  7.6717883E-02
   6.333558    
 -0.3330538    
   9.523180    
   1.731188    
   1.392077    
  -1.641950    
 -3.4158021E-02
   2.087941    
   3.764734    
   3.046163    
   5.522136    
  -2.282537    
 -0.8916200    
  -3.212840    
 -0.2547257    
  -2.545568    
   6.452371    
   1.078580    
  -2.329304    
   9.869499    
  -1.381577    
  -1.093924    
  -1.335979    
 -0.9922489    
  6.8672493E-02
  0.9182093    
   9.726848    
 -0.7297746    
   1.724998    
  -4.710145    
   1.251726    
 -0.6484573    
   1.618687    
  -13.12031    
   2.530958    
  -1.409302    
  -2.017864    
 -0.6725765    
   1.284233    
  -3.418942    
 -0.9978063    
   1.433431    
 -0.5060259    
  -3.496535    
  0.2135315    
  0.4702042    
  -2.226202    
   2.667114    
  0.8691218    
  -1.537785    
  0.9074742    
 -0.2707853    
 -0.1046164    
  0.9325783    
  -11.09052    
   13.37010    
  0.1748129    
 -0.3489313    
  0.4119185    
   2.521930    
  0.5611697    
  -8.210945    
  -4.169500    
  -2.063046    
   2.413021    
  0.7190868    
  -1.166772    
   9.985030    
  0.3497676    
   16.73814    
 -8.0186412E-02
  -8.054530    
  -1.231174    
  -2.146903    
   2.091922    
 -0.4814086    
 -0.6699653    
  -1.490675    
  -7.604488    
   4.788208    
   2.516189    
  0.8375886    
  -1.146691    
  -1.314266    
   1.241960    
   1.678200    
 -9.4119683E-02
   3.065065    
 -5.1362519E-03
  0.9925231    
  0.2656238    
  0.8653176    
   1.145293    
 -0.1453807    
   1.773082    
 -0.5727521    
 -0.7330195    
  0.0000000E+00
   1.785574    
 -0.4089881    
   1.201033    
 -0.9866376    
   1.413744    
  0.5578840    
   4.839420    
  -1.096864    
   3.189878    
  0.8636511    
  -1.938817    
   7.458922    
   1.623112    
  -1.412075    
   1.018223    
 -0.8465970    
   1.894431    
 -0.7675807    
 -0.4652895    
  -1.356167    
  -3.431960    
   1.653746    
  0.0000000E+00
   2.453969    
  -1.970656    
   1.155696    
  -1.179701    
 -2.4964310E-02
  0.6085725    
  -2.388555    
  0.4303652    
  -1.718580    
  -1.792848    
  -5.741621    
   25.93870    
  -1.012348    
  -1.335979    
  -1.961893    
  6.3673601E-02
  -1.735446    
   3.858870    
 -0.3299122    
   2.283464    
  -2.900275    
 -0.5802075    
  -2.095347    
  -14.69077    
  -10.68075    
  -1.485006    
  -1.495048    
  -1.680806    
   11.66781    
   3.272015    
   1.643211    
  0.2228349    
   5.233562    
 -0.2474373    
  -1.123482    
  0.2517503    
  -3.332762    
  0.3256022    
  -1.046553    
  0.2368753    
   1.345079    
 -0.9671620    
   1.143563    
  0.6731187    
   1.136586    
  -1.936515    
  -1.100409    
  -4.189699    
  -5.058217    
   2.303863    
  -1.812296    
  0.4027288    
  0.5555818    
  -1.377691    
   4.105535    
   2.652421    
 -0.9059629    
  -1.694928    
 -0.2986117    
  -1.004806    
  0.9612346    
  0.7207849    
 -0.3414343    
  0.4638731    
   2.240039    
 -0.1311048    
 -0.3483845    
 -0.6458741    
 -0.5020062    
  -1.356167    
 -7.8375190E-02
 -0.5496420    
  -4.117657    
  -1.739070    
   2.060520    
  -1.419277    
   10.33279    
   2.820104    
  0.3438935    
   3.847923    
   1.314426    
  -1.445980    
 -0.8306062    
  -3.882513    
  -1.335979    
  0.0000000E+00
  0.2465754    
  -4.935307    
 -0.6071260    
   1.943866    
  -1.651654    
  -2.166906    
  0.0000000E+00
  -7.092278    
  -1.680005    
  -1.072436    
  0.7374051    
   5.782193    
  -1.892300    
   2.323138    
  -1.212067    
  -2.759455    
 -0.6402190    
  -1.251234    
 -0.5736393    
   1.657795    
  -1.175255    
 -8.6542569E-02
  0.6686766    
  -1.651037    
 -0.8976828    
  -1.096864    
   1.959030    
   17.85990    
   1.178113    
  -2.383389    
   2.810772    
  -1.727383    
  0.7708623    
 -0.6082702    
 -0.6322417    
  0.7771840    
 -9.3824551E-02
   12.13084    
 -0.3414343    
   8.479017    
   1.382946    
  -1.317236    
  0.8323600    
  0.6876213    
  -1.967640    
  0.9037200    
   1.618674    
 -0.5838829    
   2.098038    
  0.3970105    
   3.471688    
  -8.389856    
  -1.166633    
   1.312940    
  -1.132384    
   1.212855    
 -0.3033673    
  0.6392927    
 -0.9959961    
   4.918367    
   1.897422    
   3.439261    
  0.4824830    
  0.7814484    
   2.548399    
  0.7047768    
  -1.166633    
   3.936610    
   7.669055    
  -1.441106    
  0.9421700    
   1.164148    
  0.1537514    
  -1.179825    
   2.058396    
  -1.050059    
   15.30296    
 -0.5051885    
 -0.4064327    
  -1.041202    
  -2.086879    
  -1.200709    
  -2.920456    
 -0.2953613    
  0.2758895    
   2.923588    
   2.404070    
   2.425481    
  0.1422723    
   10.11913    
   7.036306    
 -0.9959961    
 -0.8892100    
  -1.939919    
  -1.722353    
  -1.180413    
  -1.762643    
  -1.132962    
  -1.480171    
   3.503849    
   8.319933    
 -0.7479139    
 -0.1992480    
 -0.7437489    
   1.253613    
   7.994884    
   1.899567    
   3.426131    
  1.5824780E-02
 -0.3414343    
   1.100969    
  -2.742110    
 -0.6740581    
  0.0000000E+00
   13.44874    
  -1.335979    
  0.7682956    
  -7.568707    
   3.741124    
  -2.377591    
   2.364166    
  -1.374138    
  0.2311268    
  0.2206769    
  0.6444660    
   7.565922    
  -1.610232    
  -2.256138    
  0.2314529    
   1.546852    
  0.6810004    
  -2.800441    
  0.8498390    
  0.4123721    
 -0.9708824    
  -1.988772    
  0.0000000E+00
 -0.5415644    
  -1.303565    
  -1.031700    
   5.548267    
  0.7206693    
 -0.2300665    
   1.616840    
  -3.413732    
  -3.554221    
  -9.776704    
  0.8683349    
  0.7698046    
   1.204788    
  -1.225656    
  -8.742736    
  -1.533245    
   1.427500    
  0.5581797    
  -1.519161    
   1.094059    
  -5.018661    
 -0.1398739    
 -0.7091197    
  -8.920628    
  -1.677939    
 -6.5152898E-02
  0.0000000E+00
  0.9387833    
  0.7959034    
  -2.486338    
   2.526720    
  -1.509955    
  0.3835972    
  -1.870828    
   9.648189    
  -2.828258    
 -0.7238568    
 -0.5916191    
  0.6362487    
   2.182523    
 -2.4255551E-03
   1.122880    
   4.186759    
  0.4078658    
  -1.168863    
  0.7976767    
   6.984735    
  -9.916410    
   3.045095    
  0.5615671    
   11.45613    
   4.175126    
   2.742186    
  -1.590327    
  0.1702227    
  -2.477659    
  0.4174877    
  0.8258082    
  -1.357379    
   1.145245    
  0.8006964    
 -0.9959961    
  -1.501223    
  0.6604913    
  -3.825685    
 -0.2342381    
  -1.436015    
  0.1078831    
  0.3822898    
   4.046089    
   1.227258    
  -3.992591    
  0.8609077    
  -2.226880    
  -6.668784    
   2.526188    
  -2.040838    
  0.6580571    
   1.986904    
   2.610181    
 -0.9588737    
  -5.810764    
  0.1944987    
  -1.664252    
  0.4175157    
   7.160676    
   19.48298    
  -4.884685    
  -2.063046    
   15.35327    
  8.0586366E-02
  0.3245828    
 -0.7185842    
 -0.5770295    
   1.255731    
  -2.529425    
  2.7259117E-02
   8.176379    
  0.2830516    
 -0.5380397    
 -0.9762907    
  0.8631554    
  -2.302281    
  0.7237143    
  -2.505873    
  0.7940395    
  0.8000215    
  -13.73356    
   6.074509    
  -1.551466    
 -0.4573190    
   3.412249    
   13.26641    
   1.154320    
 -8.8733584E-02
   1.854658    
 -0.6284333    
  0.0000000E+00
   11.37879    
  -4.302724    
  -2.888025    
  0.1668629    
  -4.599445    
  -11.79461    
   7.977501    
   1.459160    
  -1.054491    
   1.931375    
 -0.1213985    
  -2.998276    
  -3.044791    
  0.0000000E+00
   1.588385    
  -4.522795    
  -1.244361    
   2.626525    
  -1.149594    
   1.109279    
  -4.327886    
  0.7279029    
   1.585818    
 -3.2513291E-02
   6.003368    
  -7.455353    
  0.7287428    
   7.802131    
   6.906182    
  0.9665895    
  -1.885794    
  -2.808260    
 -3.6020137E-02
  -2.026203    
  -1.199825    
 -0.8428489    
  -3.489058    
  -1.125128    
   21.88587    
 -0.6423095    
   1.554090    
   1.885546    
  0.6057035    
   2.995184    
  -1.148970    
 -0.4410559    
 -0.1671107    
   1.026334    
   14.42782    
   3.728309    
  -9.426494    
  -1.518861    
  0.7236069    
  0.7955642    
  -1.128135    
  0.2078098    
   2.167406    
   1.237275    
   1.379426    
  0.3333407    
   4.614287    
   2.890982    
   1.687763    
 -0.4042176    
 -0.1123828    
   1.193940    
   1.761110    
   3.878799    
   1.675380    
   5.195459    
  -1.783624    
   15.30691    
   1.562073    
   6.780869    
   1.271615    
   7.242167    
   2.821864    
 -0.9996826    
   1.178231    
  0.2782854    
   1.090977    
 -0.5449424    
  -2.945824    
  -1.374138    
  -1.503408    
 -0.7445505    
  -3.331376    
 -0.9453269    
   1.003112    
   1.378073    
   18.28642    
   1.512618    
  -6.872913    
   4.233789    
 -0.4979089    
 -0.2130722    
  0.4101236    
   2.494773    
  -7.741668    
  0.5642648    
   1.204163    
   4.975313    
  -5.938815    
   1.600337    
   2.306927    
   1.103676    
 -0.3414343    
   4.095871    
 -0.9701276    
   8.952241    
 -0.9310567    
  -3.057278    
  7.1722701E-02
  0.0000000E+00
   1.386566    
  -1.068367    
   2.607587    
   7.050294    
   1.685816    
  -1.774443    
  -3.801463    
  0.7832918    
 -2.3940798E-02
  -5.638765    
  -1.260221    
 -0.3414343    
   2.497895    
   6.657012    
 -0.6761103    
  -2.990880    
   3.283621    
  -2.278011    
   11.93375    
 -0.1147332    
   6.798553    
   6.184622    
   1.488730    
  -1.680005    
  0.7376051    
   2.067098    
  -1.870299    
  -12.93418    
  0.9054059    
 -0.7298005    
   9.617298    
   5.022419    
   1.396033    
   2.629715    
   9.752627    
 -0.7528100    
  -3.890626    
   6.661681    
   1.225441    
   1.081614    
   6.527792    
  -1.699296    
  -7.334049    
  -1.166633    
  -6.528952    
   6.933521    
   1.573866    
  -1.128295    
   2.149670    
  -2.627529    
 -0.4307422    
   1.058608    
  0.2803181    
   3.573873    
  -2.001983    
 -0.9917989    
  -1.416305    
  -2.448357    
   1.012342    
   10.57114    
  -1.123482    
 -0.5424232    
  -2.289211    
  0.5760830    
  -1.822285    
  -4.574864    
  -3.760251    
 -0.4022655    
  -1.511326    
   2.517854    
  -1.654971    
  -2.622986    
 -0.3149700    
 -0.5362856    
  0.0000000E+00
   1.538331    
  -3.761707    
 -0.2169430    
  0.7721035    
   5.351841    
 -0.4750885    
   2.318579    
   1.029122    
   1.595206    
  0.9444339    
   2.362844    
  -3.807590    
   1.877561    
   1.948755    
  -2.065550    
  -3.097788    
  -1.577900    
  -1.432062    
   2.058303    
   1.789930    
  0.1980611    
  -2.149297    
   5.260540    
 -5.6168064E-03
  -2.022042    
  0.4782964    
   3.589227    
  -1.538354    
 -0.3414343    
   3.627548    
   2.255145    
   12.71179    
  -3.557695    
   1.919429    
 -0.6041112    
  0.0000000E+00
 -0.7021032    
   1.708667    
  0.5043473    
  -1.324105    
  0.0000000E+00
   12.49144    
   7.607543    
  -2.063046    
   3.760314    
  -3.736464    
   1.161226    
 -0.7902257    
 -0.9929201    
   9.427509    
 -0.5995057    
  -2.627164    
  -1.683891    
   1.093818    
   3.537333    
  -1.142797    
  0.0000000E+00
  0.1266378    
   3.014652    
   1.048069    
   7.095906    
  -20.19185    
   2.132839    
  -24.93995    
  -2.079441    
 -0.3497524    
   4.057256    
  -2.208989    
   1.955976    
   3.462610    
  0.2002998    
   1.567289    
  0.7499819    
   8.017061    
   2.152386    
  0.0000000E+00
  -1.186113    
  0.4916353    
  0.0000000E+00
 -0.7603217    
  -2.468313    
  -1.364906    
  -6.381948    
  -2.065550    
  -3.139642    
  -8.859172    
 -0.7064604    
  -1.075317    
 -0.8490237    
  0.4260376    
 -0.5589667    
  -2.383725    
 -0.3414343    
  0.1906827    
 -5.3578667E-02
   9.068382    
 -0.8596246    
 -0.3414343    
  -1.901997    
  -3.687769    
   1.590644    
  -1.658713    
  0.5494717    
 -0.3414343    
  -1.646912    
 -0.5717358    
   1.450547    
   1.982360    
  -1.887890    
 -8.8070676E-02
  0.6932969    
  0.3753143    
  -2.122329    
   1.431596    
   2.358753    
  2.5546869E-02
   16.41333    
  -6.770292    
  -3.028071    
   2.538663    
   5.235299    
   16.67506    
   1.041763    
 -0.9959961    
  -1.495525    
   11.60742    
   1.740529    
   3.019811    
  0.0000000E+00
  -1.436556    
 -0.5448529    
  -6.066456    
  0.2091766    
  -1.297063    
  6.8566360E-02
 -0.8127726    
  -2.831003    
  0.3404112    
 -7.3259674E-02
  9.1582604E-02
 -0.7363116    
   1.338701    
  0.6405397    
  0.3159083    
  -4.299294    
   1.532084    
  -3.977206    
 -0.7671028    
  -1.215260    
  5.6406714E-02
  0.8361196    
 -0.9957909    
   1.397834    
   1.205532    
 -0.8739677    
   5.424679    
 -0.6195751    
   22.33745    
  -5.614158    
  0.0000000E+00
  -10.58163    
   3.891850    
   2.396303    
 -0.7785940    
  -1.728707    
  0.8612660    
   1.530586    
  -6.357487    
   11.17039    
  0.2831098    
   6.408941    
 -0.4579822    
   1.557743    
   1.663750    
 -0.3597165    
   3.936330    
  -1.623135    
 -0.7231752    
  -1.533091    
  0.3604293    
  -2.095612    
   10.11664    
  0.8116870    
  -2.102320    
 -0.7615777    
   8.649753    
 -0.3414343    
   11.16679    
 -0.1703948    
  -3.598116    
  -10.64199    
 -0.6429592    
 -0.4444347    
   1.561409    
   1.312357    
   7.758023    
   2.252651    
   1.378611    
  -3.574804    
  0.7299265    
  -5.477917    
 -0.2253674    
  -2.684791    
   1.347191    
  -2.344206    
   1.274019    
  0.6504610    
  -1.762535    
  -1.809543    
  -1.996397    
  -1.371874    
  -4.222183    
  -1.733588    
  0.4709978    
 -0.1169914    
  0.3160275    
  -1.625072    
   1.096313    
  -23.88299    
 -0.4948273    
  -1.166633    
   1.379331    
  -2.349368    
   1.895385    
  -2.105783    
  -5.651250    
 -0.5220339    
  0.7158822    
  0.1312771    
  0.6252681    
   3.711641    
   1.915855    
   9.583819    
  -2.570624    
  2.4808263E-02
  0.5829089    
  -3.069746    
   3.349850    
   1.841276    
   1.898870    
   7.531129    
 -0.4999579    
   1.309677    
   2.211156    
   2.408213    
 -0.9538604    
   1.968140    
   3.616771    
   5.636274    
   1.302834    
  0.3046901    
   2.387257    
   2.703159    
   4.792523    
  -1.658378    
 -0.9645034    
   10.48507    
   1.369969    
  -3.502602    
  0.1775945    
   24.01683    
   3.594816    
 -0.6274822    
   2.957446    
 -5.7313390E-02
  -1.789040    
 -0.3414343    
   3.136817    
   8.043399    
   2.340015    
 -0.3414343    
   1.562279    
  -1.949149    
   2.168056    
 -0.4160954    
  -1.321609    
 -0.9959961    
 -0.3414343    
   2.300560    
  -2.239150    
   3.045641    
   1.327425    
  -8.148375    
  0.4640792    
  -2.112640    
  0.9446809    
   1.417113    
   2.597441    
   8.201645    
  0.8375845    
  0.8299752    
 -0.8836769    
  -1.980272    
   4.868518    
 -0.4424842    
   3.468880    
  0.0000000E+00
  -2.148033    
   1.926199    
  0.9632305    
  -2.427283    
  0.3322809    
 -0.6790391    
  -6.700880    
   10.04014    
 -0.5385327    
  0.8275791    
  -1.314343    
   1.813363    
   3.841472    
  0.0000000E+00
   5.149405    
  -4.350458    
  -1.104302    
   2.072114    
  0.9366376    
  -5.739701    
  -1.696397    
  -1.886390    
 -0.3414343    
  -1.367084    
   1.118230    
  0.9111454    
  0.5408956    
 -7.5390250E-03
   3.029659    
 -2.5442563E-02
   2.953522    
   2.623769    
   6.704723    
 -0.1229652    
 -0.3303684    
 -0.4372178    
  -13.08535    
  -1.018523    
   1.231167    
   2.714107    
  -2.032954    
  -6.535612    
  -2.858688    
  0.2087789    
   1.600472    
  -1.552802    
  -2.414337    
 -8.2530798E-03
   1.968330    
   2.033697    
   3.334096    
   4.380364    
 -0.8119507    
  -1.900557    
   2.344209    
  -1.405718    
  -2.591662    
  0.3467351    
   1.367601    
   1.139521    
 -0.8439515    
   3.501603    
  0.7973177    
   7.362475    
  0.6083955    
   2.064010    
  -1.011430    
 -0.9851130    
  -3.003479    
   2.190073    
  -1.039902    
  -2.054549    
  -1.095313    
   2.286867    
   1.274998    
   5.017539    
  -7.188991    
  0.0000000E+00
   2.070747    
  -2.063046    
 -0.9238435    
   1.392093    
   1.331043    
  -1.651654    
  -1.787610    
  -1.646746    
  -6.309385    
  -1.568439    
   6.136963    
  5.5789843E-02
   4.003265    
  -1.236765    
 -2.1392504E-02
  -5.078010    
  -3.860443    
 -0.8437144    
   2.226967    
  -3.891658    
  -3.683285    
   3.890595    
   2.509558    
 -0.3414343    
  0.8713384    
 -0.1908935    
 -4.0838397E-03
  -2.337144    
   6.014099    
  0.2205672    
  -7.751524    
 -0.3359601    
   2.552909    
  -1.377691    
  -1.166633    
  -2.212406    
  -4.215837    
   4.149825    
   7.682047    
  -2.184117    
   1.738445    
 -0.3720230    
   1.068375    
  0.2080129    
  -2.635904    
  0.4672904    
  -1.079331    
   26.89676    
  0.5151942    
  -4.122233    
  -4.241242    
 -0.2007194    
  -1.508999    
  -1.676737    
   3.457329    
  -1.525196    
  0.3195456    
  -2.112126    
  0.9995568    
  -2.470269    
  0.3716690    
 -0.9912332    
   1.073177    
  -3.768519    
  -1.936206    
  0.9328858    
   5.204482    
  -1.718580    
 -0.3414343    
  -2.779004    
 -0.8020567    
  0.0000000E+00
  0.9510241    
   1.246712    
   2.221896    
   2.405234    
   1.268831    
  -1.266721    
   1.349841    
   21.60604    
  -1.613158    
  0.1115498    
  0.4340122    
   2.174268    
   5.430689    
   5.806023    
  9.3011037E-03
  -5.247100    
  -1.523356    
  -2.111817    
  -1.371874    
  -1.579034    
   7.307950    
   1.257772    
   1.969571    
 -0.7969837    
   4.286628    
  -2.058267    
  -1.863283    
  5.6095209E-02
  0.3587342    
   2.351052    
   3.506698    
  -1.753699    
  0.6165048    
  -11.41406    
  -1.920770    
 -0.9247821    
   1.861268    
  0.0000000E+00
  4.5460094E-02
  0.9677773    
  -2.569210    
   6.630528    
 -0.3961950    
 -0.2439351    
  0.2150782    
  -2.595446    
 -0.5656088    
  -10.96097    
  -2.553421    
   1.654193    
  0.6171263    
  -2.065550    
 -0.9149250    
  0.4853607    
 -0.9959961    
   1.242071    
  -1.086854    
 -0.8235899    
  0.4630209    
  -9.506202    
  -3.474572    
  0.8829336    
  -1.098513    
 -6.1344448E-03
 -0.7370768    
 -0.9974855    
   2.383217    
   1.625820    
  -1.405649    
   10.22026    
   1.734671    
 -0.7599651    
  -1.529538    
  -2.119090    
  0.1953088    
  0.5486093    
 -0.3414343    
  -2.377568    
   3.562427    
  -1.034650    
  -3.029307    
  -1.765082    
  -1.166633    
  -1.060350    
 -0.9385161    
  -1.735377    
   2.654066    
  -4.610219    
 -0.3638799    
  -4.650848    
  -1.137635    
   1.581815    
   1.483944    
   1.211262    
 -1.6532481E-02
  -1.229864    
   4.985995    
   2.538803    
  -2.536422    
   3.572254    
  -1.697515    
 -0.6364667    
  -2.581919    
   1.727639    
 -0.3414343    
 -0.9121628    
   2.575560    
   1.261654    
  6.2472858E-02
   3.279266    
 -0.3414343    
  -2.018668    
  -1.393861    
  -1.718580    
  0.6703607    
  -1.173110    
 -0.2787749    
  -1.374138    
 -0.4175588    
   13.00828    
   8.818789    
  -4.422534    
   1.132434    
  0.3119086    
  8.9757569E-02
  -1.079781    
 -0.8333606    
   2.703376    
  -1.735377    
  0.2392098    
   3.261400    
  -2.363131    
  -1.371434    
   2.254458    
  -4.151472    
   4.111640    
  -1.115615    
 -0.8704664    
  0.7657512    
  -2.632994    
   2.032150    
 -0.9396442    
  -1.680806    
 -0.8104327    
   1.303968    
   2.286407    
   7.048028    
  -2.071018    
   14.38138    
  -1.649652    
  -2.364718    
   1.727665    
  -3.561140    
   2.388776    
  0.2257412    
   8.064234    
   1.584259    
 -0.6330744    
  0.3324617    
  -3.095818    
   3.342712    
 -0.9182790    
   6.209500    
 -0.8510943    
 -0.1559749    
  -4.463994    
  -11.94469    
   4.731874    
  0.7557938    
   23.64685    
  -2.286184    
   5.664092    
  0.4220927    
  -1.513515    
   2.349932    
   2.869197    
   1.245822    
   8.195335    
 -5.2950419E-02
   2.216546    
   3.024626    
   1.328796    
 -0.3414343    
  -2.948750    
 -0.7978272    
   1.050658    
  0.0000000E+00
 -0.7686865    
  0.6717755    
  5.6503642E-02
  0.6000202    
  -1.062968    
 -0.2811048    
  0.2994359    
   3.162145    
  0.3765917    
   4.799682    
  -2.088766    
 -0.4731113    
 -2.5438473E-02
  3.9960440E-02
  0.4057237    
  0.5451155    
   6.755613    
  -1.245175    
   1.557577    
 -0.8729866    
  -1.637774    
   1.348401    
  -24.99336    
  6.3105322E-02
  0.0000000E+00
   1.102368    
   7.102241    
   1.474144    
  -8.539828    
   1.254126    
   2.425209    
  -1.166633    
  0.4162342    
  -1.594201    
  0.1146175    
  -1.282595    
 -0.6294830    
 -0.7628341    
 -9.5871575E-02
  -1.222905    
   3.929727    
  0.5954458    
  0.3212558    
  -1.584605    
  -2.065550    
   11.80800    
  -1.040505    
   1.114937    
  0.4662546    
   10.45418    
   1.329669    
  -2.040727    
  0.8344606    
  -1.232965    
 -0.8909289    
  -1.252115    
  0.1797421    
 -0.3175932    
  -1.461180    
  0.8231745    
   1.700210    
 -0.8227362    
  -2.160501    
  -2.849754    
  0.6689674    
  -1.374138    
   1.852939    
  -2.715251    
  -2.435558    
   6.427526    
 -0.2789473    
  -1.166633    
   6.226591    
   1.081217    
   8.531950    
  -1.059362    
   4.656626    
  -2.464278    
  -1.706317    
   5.810523    
   2.634777    
  -1.684489    
 -0.9959961    
  0.4802301    
  0.1144600    
 -0.4792401    
  -11.69954    
 -0.4655109    
   1.842728    
   1.364323    
  0.5104994    
  -1.407201    
   1.553327    
  0.4851937    
  0.3128071    
 -0.3058231    
   1.070500    
   8.240012    
  -2.436191    
 -7.3562916E-03
   2.941195    
   1.643802    
  0.9278874    
  0.2073699    
  -1.253286    
  7.0213132E-02
  -1.312464    
  -2.511523    
  0.2767550    
   2.201607    
  -2.558089    
  0.6063840    
  -1.779933    
 -0.6532148    
  -4.477567    
 -0.2203099    
  -1.393861    
   10.65032    
   1.336341    
   2.109208    
 -0.9682096    
  0.9340996    
  -2.534420    
  -1.680005    
 -0.7892130    
   2.350085    
  -3.762569    
   3.483111    
   2.043443    
  -4.974781    
   4.741711    
  0.7172582    
  -2.466985    
  -4.653414    
  -1.335979    
   3.917611    
  -1.905084    
  0.0000000E+00
   9.649474    
  1.2122029E-02
   1.500926    
   1.759795    
  0.2036073    
  0.5722764    
  0.6908908    
  -2.164301    
   1.119821    
  -2.063046    
   2.882062    
 -0.6928657    
  -2.859876    
   6.686270    
   1.359736    
  -3.654570    
   8.468597    
   3.974840    
  -1.393913    
   3.162745    
  -2.677395    
  0.0000000E+00
 -0.7528412    
  0.5049466    
   1.129375    
  0.8854003    
   3.928497    
 -6.2792331E-02
   3.028039    
  0.7760183    
 -0.2891333    
   1.634887    
  0.4143189    
   3.167093    
   2.243125    
   3.233337    
   5.675436    
   1.041691    
  -2.280625    
  0.4939125    
   2.076806    
  0.7205276    
  -1.335979    
  -1.383746    
  0.4264604    
  -1.456212    
   3.631808    
  0.7039632    
   12.31514    
 -0.6147248    
 -0.5278265    
 -0.5910147    
   1.060542    
  -1.394670    
  0.8433440    
   8.552514    
 -0.3414343    
   4.672888    
  0.4029626    
 -0.3414343    
   3.214810    
  0.6069096    
  -1.833985    
   7.133616    
 -0.6638256    
 -0.8994518    
  -4.110836    
   1.525404    
  0.1214882    
  0.1940259    
   1.888476    
  -3.646279    
 -2.4149491E-02
   1.165737    
  0.0000000E+00
 -0.4801695    
  -1.790070    
   1.439112    
  -3.595318    
   8.401382    
   1.167301    
   2.720142    
  -3.456792    
  0.3410229    
 -0.4334757    
  0.8703584    
 -0.6214746    
   8.094490    
 -0.5207471    
  0.5881828    
  -2.117747    
 -0.4394485    
   21.95332    
  0.2214495    
  0.9415025    
  -3.535957    
  0.3782676    
 -0.1696908    
  0.8363114    
  -4.686938    
  -1.115615    
 -0.9434119    
  -2.536422    
  -1.676246    
   10.11849    
  -2.182170    
 -0.9768584    
  -1.744606    
 -0.7185513    
  -1.887249    
  0.3815839    
   3.063294    
  -2.479468    
   3.438830    
   2.635539    
   1.983019    
  -1.954219    
   1.191456    
  -5.901556    
  0.7379258    
  -2.947138    
   1.973934    
  -1.809052    
  5.7707205E-02
 -3.4843940E-02
   2.689653    
  -2.917933    
   2.140142    
   1.277272    
  -5.464438    
   15.79652    
   4.942160    
  -1.715984    
   1.603617    
   1.784162    
   4.100105    
  -1.095300    
  -1.857590    
   4.427036    
  0.4681482    
 -0.2374030    
  1.8880228E-02
  0.9290434    
 -0.9959961    
 -0.2410359    
  -2.892433    
   2.501558    
  0.7820570    
   3.680584    
  -1.989423    
  0.3100378    
  -1.096864    
  -9.558502    
  -2.174574    
  -1.067454    
   3.975976    
  -4.351375    
   8.397664    
 -0.4208046    
  -2.231746    
 -0.3414343    
   8.702134    
  0.0000000E+00
 -0.4207403    
  -1.720112    
  -1.335979    
   2.629060    
   5.288988    
   1.429616    
   20.12334    
  -1.335979    
  0.5414099    
  -1.490894    
  -1.646912    
  0.6338201    
   3.673654    
  -1.051170    
  -1.746039    
 -0.1036633    
   1.798752    
   5.984022    
   2.503466    
   1.573968    
 -0.6671132    
   7.421945    
   1.568131    
 -0.6797792    
   1.136567    
 -0.9091339    
 -0.5740212    
  -4.545531    
  -1.211117    
   2.274767    
 -0.7265498    
 -0.1180057    
   3.267574    
  0.9460835    
  -1.694647    
   2.822206    
  -1.161607    
   2.752162    
  -1.601655    
   2.426719    
   1.272186    
  -1.224383    
  0.0000000E+00
  -1.157589    
  0.4460570    
 -0.3239299    
  -1.009862    
 -5.2283805E-02
  0.0000000E+00
  -1.105781    
  -6.999831    
  0.7109160    
   3.744226    
  0.7443086    
   1.909776    
  0.1217386    
  -7.482543    
   2.188202    
   2.407888    
   1.455781    
  0.2614757    
  -1.967226    
 -0.3414343    
   1.121406    
   3.270746    
  -4.653835    
  0.5626407    
 -0.6935120    
   1.095853    
 -0.6542940    
  -1.734152    
   2.320957    
   1.259954    
   3.247001    
  -1.426065    
   4.437599    
  0.3473451    
 -0.3414343    
 -0.4484928    
 -0.4555571    
   12.74300    
   1.874624    
   1.983085    
 -0.8926256    
 -0.8082909    
  -3.550965    
   1.515288    
   2.881052    
  -13.83180    
 -0.2256474    
  -1.791996    
  0.8132458    
  -1.202747    
  0.2368549    
   2.643409    
   3.953376    
   16.33639    
  -1.244571    
  -3.586046    
 -0.3550120    
   5.216660    
 -0.7423383    
  0.0000000E+00
   1.146078    
  -1.623698    
  3.8944088E-02
  0.1705670    
  -1.362824    
  -3.404087    
   1.124808    
  -3.052613    
  -1.722496    
   4.722297    
   5.945527    
  0.4528832    
   6.755773    
   1.500333    
 -0.9467528    
   6.133555    
  -4.750260    
  0.5118923    
  0.2786791    
   4.563197    
  0.0000000E+00
  -27.08125    
  0.8520293    
   5.117854    
   4.017183    
   1.068760    
   1.860654    
 -0.3414343    
 -0.6270540    
   3.185332    
 -0.3414343    
   1.463598    
 -0.6005256    
 -0.3948509    
  -4.557473    
  -2.988609    
  0.2096364    
  -3.104482    
  -1.179464    
  -1.335979    
  -5.222400    
   1.001996    
   1.958776    
  -6.668106    
  -2.409078    
  -2.066642    
 -0.8121282    
  -2.136039    
   2.711129    
   1.478161    
  -1.676826    
 -0.4489212    
  0.2199646    
 -0.2332170    
   10.88120    
 -0.8175296    
 -0.4980085    
   2.362054    
   1.980414    
 -0.6034562    
   1.151240    
   1.794433    
   7.568737    
   2.363037    
  -1.893696    
 -0.1842987    
  -1.166633    
  -1.792217    
  -2.484954    
   7.874262    
  -6.583721    
   3.481869    
  8.0444210E-04
   3.155247    
   1.023159    
 -0.5728434    
   2.758552    
  0.3414434    
   10.16543    
 -0.3414343    
   4.260069    
  -1.311645    
   1.405341    
   34.89930    
   1.588579    
  -1.029871    
  -1.594879    
  -2.018668    
  0.2771309    
   7.187884    
 -0.6613537    
   3.377959    
   3.197057    
  -2.536678    
  -1.575343    
   5.996902    
  -7.104852    
  -6.490341    
  0.4525546    
   2.594187    
   7.303475    
 -0.5203075    
  -1.048504    
  0.6567801    
  -5.237708    
  0.0000000E+00
  -3.447331    
  0.2962572    
  0.5105557    
  -1.336950    
  -2.315666    
  -1.680806    
   2.592237    
  0.1059320    
   3.365093    
   14.87417    
  -1.776952    
   1.477191    
  0.9743398    
 -0.1569493    
  -3.045476    
   7.269722    
  -1.361203    
   1.965532    
   3.963831    
   8.216350    
 -0.2798716    
 -0.2590088    
  -1.870695    
  -1.608390    
 -0.2398423    
  0.7256493    
 -0.6751320    
   13.54015    
  0.5658949    
  -1.519311    
   1.349837    
  -4.977496    
   32.16339    
  -1.213501    
   2.914218    
  -2.293862    
   23.72744    
   9.454123    
   2.576370    
 -0.8966772    
  -4.759906    
  -1.096864    
  -1.666225    
  -2.432918    
   1.544033    
  0.7678425    
   1.055274    
 -0.6995950    
   1.312846    
 -0.9166201    
   1.191388    
   2.701618    
   3.514114    
   1.029320    
   1.901282    
   2.400682    
  -1.082073    
   4.762987    
  -1.471058    
  0.5830010    
  0.1751630    
   2.780902    
   1.585894    
  -1.053145    
   7.801762    
  -3.869357    
  0.9688104    
  -3.526754    
   1.422364    
 -0.9959961    
  -1.075479    
   1.296602    
   2.849217    
  0.3431314    
   8.945694    
  -1.166633    
  -1.456020    
   1.007350    
  -3.244638    
   3.818256    
  -13.05912    
  -2.650198    
  -1.166633    
 -0.7193599    
   3.218473    
  0.0000000E+00
  0.6584494    
  0.2128554    
   2.848135    
  -6.455451    
  0.9302909    
  -1.335979    
  -4.379222    
   3.452979    
   16.60547    
 -0.2236899    
  3.3131655E-02
   3.426596    
 -8.5310623E-02
   19.51939    
   2.243980    
  -2.164301    
   8.574185    
   2.930348    
   4.730683    
 -0.6150959    
   1.009076    
  0.2983853    
   7.852403    
  0.2003061    
 -0.6748558    
  -1.946497    
   1.027001    
  -1.261106    
 -0.8255213    
  -1.335979    
  0.4017299    
  0.1560153    
   2.968009    
   1.781305    
  -1.666225    
  -2.930590    
   5.500546    
  -1.321685    
   5.788486    
 -0.2630041    
  2.2729013E-02
  -3.856406    
   1.545125    
  0.4663938    
 -0.3414343    
   4.335860    
 -7.4818470E-02
  -3.398636    
   2.481761    
  -1.718580    
  -1.367833    
  -1.074991    
  0.8755246    
  -2.482826    
  0.9088376    
   12.64691    
 -0.4740187    
   2.181551    
   1.048752    
  0.2496055    
   2.505953    
  0.7441497    
  -3.744300    
 -3.6573324E-02
  -1.651654    
  -1.397976    
 -0.2309049    
 -0.3414343    
  -3.323287    
 -0.4631018    
  0.6266903    
 -0.5307850    
   5.136374    
  -1.240900    
 -0.3310359    
 -1.0386037E-02
   6.412038    
   3.152927    
   8.683626    
  -1.646912    
   1.994047    
  -2.278011    
  -12.94412    
   1.175386    
 -0.4710802    
   6.901080    
  0.4584172    
  0.8392724    
   1.406866    
  -18.90624    
  -10.97512    
   1.102345    
   6.629628    
   9.058550    
   1.128656    
   4.570123    
  -2.557469    
  -1.939646    
   2.248082    
  0.6329219    
   3.715641    
 -0.7933556    
  -1.024780    
   4.559349    
  -1.258239    
 -0.2663265    
   1.437488    
  -2.119845    
  -4.663461    
  0.8975902    
  -1.100409    
   2.092634    
  0.1587326    
 -0.3414343    
  -2.121897    
  -1.077698    
   2.166644    
  -3.043791    
   6.527573    
   1.266482    
  0.9202123    
  -4.769146    
  -2.811145    
   3.578306    
 -6.2426090E-02
  -1.335979    
  -1.568615    
 -0.5565314    
   2.427209    
   1.740150    
 -0.8766819    
  -4.087742    
  0.9190563    
  -1.209779    
  -1.065168    
  0.3240125    
 -0.3414343    
   1.059228    
 -0.3414343    
 -0.8977605    
   1.398611    
   3.374280    
  -3.794757    
  0.9816430    
 -0.9415828    
   4.479048    
   5.768802    
  -1.972149    
 -0.7278966    
 -0.4375432    
  0.4941135    
  -1.254163    
  -1.995798    
   2.101985    
   3.399861    
  -1.910836    
  -1.666225    
  -1.747341    
   13.52159    
  -2.286958    
  0.4491905    
  0.0000000E+00
   4.523489    
   1.734089    
   1.391748    
  -1.001487    
  0.6542203    
   1.994969    
   3.757160    
  0.2141870    
  0.7664813    
   4.339516    
   1.001091    
   1.345154    
   2.999632    
  0.6072016    
  -4.800146    
  -6.587836    
 -0.2252914    
   2.514506    
 -0.7892764    
   3.391180    
  -2.337237    
   1.095649    
  0.3851209    
  0.2148358    
  0.0000000E+00
   4.191811    
 -0.2498586    
  -2.027655    
  -3.919164    
  -1.314343    
   3.756567    
   8.804328    
 -0.2972935    
  -1.454913    
  -1.010318    
  0.4941821    
  -1.206657    
  0.3473216    
  -3.223265    
   1.310489    
  8.1157200E-02
  0.3255327    
  0.1336024    
   14.02909    
  0.2397290    
  -7.076235    
  -1.393861    
  0.1037238    
  -1.646912    
   1.200657    
  0.0000000E+00
  -1.012123    
   6.379777    
   3.294482    
  0.1413587    
 -0.6619389    
   2.576985    
   6.060497    
   2.634748    
   2.719577    
 -0.6051176    
  -1.011208    
  -1.680005    
   10.32501    
  -18.56695    
   1.448556    
   3.313413    
   5.902639    
  -1.342717    
  0.2201314    
  0.5131981    
  -3.193739    
  -2.545568    
  0.3949719    
  -8.788849    
   2.899583    
  -1.194646    
   4.891150    
   3.190042    
  0.4283484    
   2.471668    
 -0.5265417    
  1.6069788E-02
 -0.9488694    
  -3.689761    
  -1.166633    
   1.510124    
 -0.3414343    
  0.1403930    
   1.727888    
 -0.4101149    
   3.812028    
 -0.1528092    
   3.495991    
 -0.3319868    
   4.153295    
   4.469207    
   2.095653    
 -0.6191844    
   3.362421    
 -1.1562488E-02
 -0.7445636    
 -0.5387215    
  -2.326561    
  -1.230640    
   8.803974    
   5.739084    
  -1.123482    
  -1.271608    
  -1.038387    
   6.285362    
  -6.376482    
  -1.083701    
  -3.122851    
   2.976185    
  0.9972049    
  -1.411837    
 -0.6474593    
  -5.549400    
   3.514630    
  -1.369929    
   7.434979    
   8.079780    
 -0.8206636    
  -2.125122    
  0.5320581    
  -7.001810    
 -0.6028457    
   5.925824    
  -1.380922    
  -1.335979    
  -2.479468    
   1.610554    
   12.17801    
 -0.5882153    
   4.483765    
  0.7714756    
  -2.053112    
   6.511971    
  -1.336507    
  0.2296752    
  -2.848644    
 -4.6928652E-02
  0.1459551    
  -2.194620    
   2.773561    
 -0.8570056    
 -0.3776747    
  -7.764318    
  -6.245568    
  -2.493411    
  -12.05243    
 -0.5392616    
 -0.6975557    
 -0.9959961    
   3.005071    
  0.9437336    
 -0.8880594    
  -2.335249    
   5.900522    
  -2.246350    
   1.918471    
   6.041853    
  -3.852894    
   1.001154    
 -0.8208959    
  -1.106057    
   8.494987    
  0.8427138    
   1.223130    
  -4.899003    
 -0.5943953    
  0.6786649    
   1.150038    
  0.1032591    
  5.6873532E-03
  -4.017370    
  -2.611131    
  -1.157015    
  -8.271187    
   4.161715    
  -3.021400    
   2.784997    
 -0.2117144    
   1.781761    
 -0.9460139    
  -1.257133    
   1.182497    
  -3.425126    
  -5.554591    
  0.6166864    
  0.3375904    
 -0.9550522    
   2.670064    
   2.797480    
 -0.7647213    
  6.0741425E-02
 -0.5090852    
  -1.224324    
  -2.037851    
 -0.4582249    
   1.804633    
  -3.552490    
  0.2684326    
  -2.449783    
   6.168860    
 -0.5383946    
  -1.034677    
 -0.2907225    
  -2.289482    
   2.441328    
   1.123545    
 -0.1522970    
 -0.4558078    
  0.5895441    
  -1.488690    
  8.8497743E-02
   2.969759    
  -2.409010    
 -0.7203144    
   4.195408    
   1.154254    
   1.439065    
   3.029123    
  -8.138345    
   1.847494    
  0.1928523    
  -1.092885    
   5.512118    
   3.077177    
  -1.745823    
  6.3920274E-02
  0.4911207    
  -1.170503    
   6.259681    
   4.173573    
  -3.463834    
  -1.995215    
 -0.1641528    
  0.9509228    
  -2.035224    
   7.789638    
 -0.6429044    
 -0.9959961    
   4.075216    
  -4.018584    
  -4.304174    
 -0.9045597    
   1.009096    
  -2.453094    
  0.7486709    
  -1.173632    
 -0.3414343    
 -9.1890566E-02
 -0.4580911    
  -9.055093    
   1.109699    
 -0.8298568    
   2.271237    
 -0.4738106    
   1.307476    
 -5.6160212E-02
  -1.371874    
  -2.057310    
 -0.3443298    
  0.9014832    
  0.5084974    
   3.379776    
   3.340033    
   4.038834    
  0.5398457    
   4.488198    
  -1.649960    
 -0.6109772    
  0.7376629    
   1.360605    
   3.185516    
  -4.075345    
  -1.391404    
  -1.026246    
   16.75380    
  -2.479468    
 -0.2814465    
  0.6511483    
  0.4331554    
  -2.525642    
   2.765419    
   4.572804    
 -0.5120677    
 -0.4385503    
  -2.154471    
  0.0000000E+00
  -3.056602    
  -1.275575    
   2.703090    
   2.922854    
 -0.1166370    
   2.252648    
  0.4228441    
  -2.346550    
  -1.651654    
 -0.2243753    
  0.5943834    
  -4.462892    
   9.645725    
   2.000354    
  -1.433585    
  -1.079309    
  -4.472331    
   2.740469    
  -1.335979    
  0.8325861    
  -2.214210    
  -2.018806    
  0.3262976    
   1.643608    
  -3.248450    
 -9.4265074E-02
  -1.105798    
  0.4951605    
  -1.718580    
  0.9131234    
 -0.6058813    
   1.194603    
   4.468616    
 -0.1569084    
  -4.826694    
 -0.9545115    
 -0.1992673    
   4.382301    
  0.0000000E+00
   7.351926    
  -3.394928    
  -2.032954    
  -3.621340    
   2.114054    
   3.322520    
  -6.819311    
   3.228165    
  0.4372919    
   1.032298    
   2.809414    
   1.709343    
   3.883810    
  0.1800957    
  0.0000000E+00
  -4.140803    
   13.28927    
   6.604925    
   3.165683    
  -1.327572    
   2.036290    
 -0.8766819    
   2.834928    
   3.670105    
  -1.646912    
  -2.396589    
  0.7948394    
   2.080256    
  -1.283136    
  -1.166633    
 -0.9722264    
  -2.350322    
  -2.453472    
  -1.081166    
 -0.2487263    
 -0.9793264    
  -6.743283    
  0.7716951    
  -1.738355    
   2.283791    
   2.583862    
 -8.9143291E-02
   10.49638    
  0.2971753    
  0.5575769    
   1.346632    
  0.6886678    
 -0.3414343    
 -0.8974311    
  0.2769166    
 -0.5948699    
  -4.253330    
 -0.1136595    
  0.8711696    
  -3.465807    
  -5.052056    
  0.3975540    
  0.3758745    
  -1.083178    
   9.498115    
  -1.335979    
 -0.8477056    
  -3.893107    
  -3.658309    
   3.914557    
   21.37912    
  0.7104178    
 -0.1700256    
   6.028433    
   2.866976    
 -0.2839794    
 -2.5133107E-02
   1.342592    
  -2.802088    
   1.390074    
  0.1988811    
  -1.925545    
  -3.652528    
   2.449838    
  -1.095970    
  -1.371874    
   1.107260    
   1.570192    
  -1.015146    
   15.57699    
   1.438697    
   1.855402    
 -0.4819322    
  -1.721350    
  -3.395981    
   2.032612    
  0.6768578    
 -0.2791626    
  -4.371167    
   7.164271    
  -4.386581    
   1.624269    
  -1.680005    
  -1.044006    
 -0.1529995    
 -0.6588019    
  -6.817835    
  -1.808656    
 -0.7930252    
 -0.2303347    
  -14.17474    
  -4.242795    
   3.038477    
  -14.20844    
   1.430024    
  -1.073816    
  -1.456704    
  -1.636795    
  -1.166633    
   5.038418    
   3.520246    
  -1.079666    
  -2.385251    
 -0.3414343    
  0.8497787    
 -0.4209014    
  -2.600597    
  -2.426327    
   5.276075    
   2.590646    
 -0.9252567    
   1.382446    
  -1.269706    
  0.9364043    
   3.280352    
   1.754667    
  0.9377486    
 -0.5498291    
  0.7660348    
   4.109260    
  -1.817572    
  6.4140730E-02
  0.9333364    
   1.722928    
  -3.679012    
   15.23046    
  -1.053225    
   2.424686    
  -4.520183    
  0.0000000E+00
   6.219536    
  -1.590250    
  0.0000000E+00
  -4.980020    
  -3.703246    
  0.7788152    
  0.3367929    
  0.3024405    
  -10.52351    
  -1.599683    
  -2.883526    
  -1.929766    
  -1.680005    
   11.88041    
   1.191356    
 -0.6044590    
  -6.710579    
  0.5919162    
  0.8749527    
 -0.5566943    
  -1.637774    
 -0.8020542    
  0.1482487    
  -1.608080    
 -0.3173027    
  0.2281379    
   1.524260    
   14.51085    
  0.8080418    
  -2.212626    
 -0.9455441    
  -1.897200    
   1.454179    
  0.6316621    
  -1.732934    
   1.053391    
 -9.3363173E-02
   3.207136    
  3.6606532E-02
 -0.8139233    
  -1.822654    
  0.5107306    
   3.183538    
  -1.175831    
  -5.592838    
  -2.479468    
 -0.2064961    
   1.949009    
   1.102320    
  -1.747341    
  0.3391322    
  -1.045036    
   1.046391    
  -1.941423    
  0.1028221    
  -1.611380    
  0.8689717    
 -0.6297840    
  -6.306402    
  -1.166633    
  -1.166633    
   1.025554    
 -6.1454424E-03
  -1.305701    
   1.952115    
  -1.793819    
 -0.9967692    
 -0.5784716    
  -1.059878    
  -1.650429    
 -0.8652739    
 -0.7399719    
  5.8864985E-02
  0.2808014    
  -1.113762    
  -1.719474    
  -1.522730    
  -1.340164    
  -1.349165    
   7.222237    
 -0.7177027    
  -1.510500    
  -1.036516    
  -6.363583    
 -0.2877451    
 -5.5434061E-03
   7.219822    
   4.785980    
   1.149341    
   5.229464    
  0.3507200    
  -2.659031    
  -19.00765    
  -1.317087    
  -3.478127    
 -0.2487243    
  -4.202451    
 -0.3421294    
 -0.4950826    
   2.856424    
  -1.007228    
  0.3080202    
   2.406249    
   16.90580    
   1.164452    
  -6.115395    
 -0.8479066    
 -0.3414343    
 -0.2440906    
  0.6775994    
   1.332614    
   1.601523    
 -0.5198338    
  0.1722337    
  -5.010844    
  0.4801738    
  -1.167500    
 -0.5107721    
  0.5837381    
  -1.790567    
  -2.932533    
  0.2808961    
  -9.076473    
  -1.577900    
  -2.145715    
 -0.4501639    
   3.469522    
  0.5797724    
   3.983977    
  -1.107846    
  -1.460083    
 -0.8757466    
  -1.365678    
   45.32060    
  -1.223766    
 -0.5705222    
 -0.3414343    
  -2.035224    
  0.8827807    
  -1.584805    
  0.2983265    
  -5.741875    
  -1.857837    
  0.3122222    
 -0.7707084    
   1.905992    
 -0.8322604    
  -1.621515    
 -0.4696336    
   11.61021    
   3.513163    
  -1.081001    
  -1.845802    
 -0.8932236    
   11.67131    
 -0.7889509    
 -0.2036478    
 -0.8126487    
  0.1720442    
   2.448540    
  0.6971490    
   1.601980    
   2.105425    
 -0.7451966    
 -0.3414343    
   5.665309    
  -2.435009    
 -0.6543876    
  0.0000000E+00
  6.6277653E-02
  -3.182100    
 -0.1910610    
  -8.791128    
 -0.7941500    
   2.033772    
  -1.573393    
 -0.9498497    
  0.3027008    
  0.0000000E+00
  0.0000000E+00
   1.697748    
  -1.962764    
   1.780263    
  -1.665816    
 -0.9111946    
   1.696175    
  -2.173558    
 -0.1281907    
  -1.030619    
  0.9160517    
  0.9976402    
   14.52841    
  -2.505865    
  0.5649185    
   1.862533    
  0.8779879    
  0.2545226    
   9.599951    
  0.1755761    
  -1.183330    
  0.1408292    
  -1.155179    
  0.7638609    
   2.580450    
  0.7419048    
   19.97501    
  0.2685797    
   3.482351    
 -4.8654966E-02
  -1.166633    
   1.971899    
 -0.7930820    
 -0.9988898    
   1.603654    
 -0.5152646    
  0.0000000E+00
  0.3500192    
  0.9012131    
  0.1383990    
 -0.9756551    
 -0.9169778    
  -1.014031    
  -1.681810    
  0.5532578    
  -2.112126    
  0.1022898    
   1.275990    
 -0.9259458    
  -3.626208    
   3.306695    
  3.4526259E-02
   2.484803    
  -2.933683    
   3.537497    
   1.327039    
   2.254098    
 -0.4106331    
  -1.342801    
  0.7420810    
  -2.467178    
 -0.6946565    
  0.9334509    
   1.245785    
  -1.220142    
 -0.1238808    
  -2.129927    
  -2.170143    
  -2.813775    
   1.091429    
   2.100672    
   1.862923    
   2.242706    
  -5.016298    
   2.313881    
  0.2414877    
 -4.4582579E-03
   13.12046    
   2.352707    
  -2.880003    
  -4.739730    
  -1.459481    
 -0.9512413    
   12.80827    
  -1.400323    
 -0.8765547    
   1.534403    
  -2.280213    
  0.3418777    
  -1.054783    
 -0.1165817    
   1.680204    
   2.531247    
 -0.1288470    
  0.1143689    
  -2.065550    
  -1.661687    
 -0.7101228    
   11.21307    
   4.175838    
  0.7287832    
 -0.8448782    
   3.660927    
  -1.862805    
 -3.7597351E-02
   1.048433    
  -4.403818    
 -0.5354116    
   3.472329    
  -2.200082    
  -2.379603    
   1.313598    
  -1.718580    
  -1.114241    
  8.1906036E-02
   1.691675    
  0.2974533    
  0.6448010    
   6.667760    
  -2.025248    
   1.095926    
   5.543590    
   3.142037    
   1.529360    
   3.802201    
   2.441280    
 -0.9037195    
  -1.687824    
  -1.245203    
  -2.690153    
 -0.5527543    
   2.145453    
   21.23395    
   42.20776    
  -1.327636    
  -2.059019    
  0.6162782    
  -2.099831    
   3.551494    
  -4.568923    
  0.7966821    
   1.142589    
  -4.381269    
  0.1062944    
   4.118764    
 -0.7144219    
 -0.3414343    
  0.1555593    
 -0.3153487    
  -1.400859    
  0.3422551    
   1.554855    
 -0.8766819    
  -3.285915    
 -0.4278374    
  -1.351539    
  -5.886384    
  -28.54036    
  -1.096864    
   2.785268    
  -1.061043    
 -0.8474988    
   1.376749    
  0.7959535    
  -1.745997    
  0.4852415    
 -0.5781380    
  -1.371874    
   3.548229    
  0.6604939    
 -0.8937232    
  -2.102320    
   1.331868    
  -5.215933    
  -2.051686    
   2.478890    
  -1.409952    
  0.7686281    
  -3.300072    
   2.427505    
  -3.343193    
   1.043266    
  8.7950945E-02
   12.79778    
   1.491514    
  -2.972013    
  0.3096426    
  0.0000000E+00
  -2.360084    
  0.8947406    
   1.498087    
  -1.680806    
 -0.8003803    
  -2.164301    
   2.327209    
  -2.065550    
   8.605376    
  -1.719081    
  0.7161998    
  -2.843107    
   5.463483    
   3.386030    
  -2.027795    
  0.1584782    
  -2.464288    
  -5.875723    
 -0.5542505    
  -1.186456    
 -4.3409273E-02
   7.221967    
  -2.448229    
  0.3741889    
 -0.7413805    
  -1.022032    
   8.600098    
   3.126067    
   5.095432    
   2.050319    
  -2.129440    
  0.7665693    
   2.362463    
 -7.2439477E-02
 -0.8877183    
   2.410199    
  -1.575315    
   2.213921    
   14.54659    
 -0.8326696    
   1.128448    
   5.098412    
   5.894704    
 -0.4311790    
  0.3991267    
   7.130847    
   5.325597    
 -0.4984004    
   1.428988    
 -0.7427225    
  0.5039074    
  -3.145865    
  6.1330419E-02
   3.087754    
  -1.377874    
  -1.381898    
   1.637108    
   1.617286    
   2.284844    
   6.978742    
  0.5362535    
  -2.063046    
  0.9521680    
  -1.503662    
  0.9696069    
  -6.480232    
  -1.335979    
   1.046821    
   7.343103    
   15.59383    
  0.4879463    
  -1.418220    
 -9.9976361E-02
   1.744016    
   10.61371    
  -2.485161    
 -0.8061928    
  0.0000000E+00
  -8.834683    
  -1.539072    
 -0.3414343    
  -2.176505    
   2.502792    
   1.341309    
 -0.8086879    
   7.384758    
  0.2975810    
  -2.934860    
  -1.668536    
  -1.450424    
  -1.581804    
   3.484300    
   14.39072    
  -3.450590    
  -9.513422    
  -3.201976    
   2.980752    
  0.2877463    
  -1.587642    
  -1.179618    
   6.715520    
  0.9977502    
  0.4644322    
 -0.1176932    
  -1.136598    
  -1.804990    
  -1.874156    
  -2.627684    
  0.9929999    
  0.6509063    
 -0.8781404    
   3.113201    
   2.724513    
   1.190069    
  -1.664630    
  -1.166633    
   7.810397    
 -0.5146539    
   2.123002    
   4.274178    
  -2.517298    
   2.918337    
  -10.23904    
  -1.084187    
   3.649834    
  -3.777624    
 -0.2491626    
 -4.8265714E-02
   3.525606    
   7.052040    
   2.077738    
  0.6415837    
  -1.323801    
   3.566797    
   1.904398    
  0.8993809    
 -0.3460695    
   9.878816    
  -2.530167    
 -0.9947456    
 -0.5769459    
   4.342455    
  -1.390037    
  0.6811565    
  -2.643561    
 -0.8117630    
  0.3867774    
 -0.8541664    
  0.1203147    
   2.070232    
  -1.014570    
  -2.627684    
  -1.031037    
 -0.5221916    
   3.417075    
  0.5798558    
  -8.233829    
 -0.4932220    
  0.4183772    
   2.963392    
  0.3610891    
   4.848666    
 -0.3230788    
  -1.417737    
   2.702380    
   2.562375    
   8.054379    
  -1.152217    
  -3.109274    
  0.6294363    
 -0.3607030    
  -2.127157    
  -7.071332    
   3.125580    
  0.9996524    
  -1.166633    
  -2.061867    
  0.2603604    
 -0.5069435    
  0.1978389    
 -0.3414343    
   1.534923    
   4.957188    
 -0.8652971    
  -1.096864    
  0.3088754    
 -0.8948128    
   1.914246    
   3.852707    
 -0.2939934    
  -2.479468    
 -0.6923445    
   2.812412    
  -2.119761    
 -0.6404144    
   4.084581    
   10.36466    
  -1.940938    
 -0.3598857    
 -0.6494445    
   18.09453    
  -1.111139    
  -2.112126    
   2.062873    
   7.447935    
  2.0833904E-02
  -1.166633    
 -0.1901462    
   1.083032    
  0.7788392    
   3.565606    
  0.3423874    
 -0.3414343    
   2.896866    
   2.985457    
   15.99630    
  -2.812110    
   5.889333    
   7.940722    
   1.471565    
 -0.5461605    
  0.3011198    
  0.2163042    
  -8.577287    
  0.3358087    
   10.94430    
  -1.062762    
 -0.8632900    
  0.9966458    
   1.728879    
 -0.9228650    
   1.367047    
  -3.030513    
  -2.574939    
  -1.636795    
   22.02841    
   3.548967    
 -0.3424150    
   3.023038    
 -4.7313299E-02
   2.660850    
   1.875460    
   3.554105    
 -0.5059430    
   14.01198    
 -0.6195017    
   2.074694    
  0.9868250    
  -3.421774    
  0.7464045    
   25.66726    
   1.470095    
  -1.371874    
  -1.482244    
  0.4370802    
  0.5722483    
 -0.8794920    
  -5.282396    
 -0.6112090    
 -0.5467720    
  0.0000000E+00
 -0.4880584    
  -1.639698    
 -0.9205711    
 -0.2663485    
  0.5149528    
  -4.334969    
  -1.510844    
 -0.1960627    
  -2.526507    
  -1.776830    
   8.637456    
  -2.291811    
  0.0000000E+00
  -1.759036    
   4.553244    
   7.616704    
   1.989977    
   2.939062    
 -0.4731275    
  -13.21826    
   1.095942    
 -0.8033349    
   2.185277    
  0.6082415    
  -2.402367    
   1.338481    
  0.0000000E+00
  7.3383242E-02
  -4.979359    
   1.666731    
 -0.7213136    
   17.86396    
  -1.695629    
   1.749746    
  -2.122291    
  0.0000000E+00
  -5.728110    
  0.8074393    
  0.8622608    
 -0.9909224    
  -4.149384    
   1.574477    
  0.5761093    
   8.063951    
  0.8806457    
  -2.974560    
   2.457359    
  -5.739130    
   1.669557    
   5.381148    
  1.6962485E-02
   1.259047    
   1.336749    
  -2.617255    
 -0.3414343    
  -4.524824    
  -2.241709    
  0.5056440    
  -2.681554    
  -2.419441    
 -0.3414343    
 -0.9959961    
  -1.096864    
 -0.5490032    
  -1.426004    
   2.007386    
   2.497677    
  0.7671729    
   1.293626    
  -1.850421    
   14.33945    
  -2.210748    
 -0.9646014    
  -2.564274    
   2.551491    
   2.940952    
  0.1009558    
  0.0000000E+00
 -0.8923075    
   1.094445    
  0.9258168    
  -1.371874    
  -1.460926    
 -0.5396964    
  0.2529318    
  0.4766908    
  -2.009203    
  0.9586147    
  -1.680806    
   13.79590    
  -1.925128    
   5.347374    
  -5.907485    
   2.381024    
  0.3371228    
 -0.8570968    
   2.015586    
  -3.058468    
 -4.7426853E-02
 -0.4544891    
 -0.2826892    
 -0.1607702    
 -0.8298584    
   4.010009    
  -3.777564    
   6.444672    
  -4.487907    
   1.750679    
  -1.289652    
   2.488382    
  0.0000000E+00
  -1.646912    
  -7.139125    
  -2.620860    
  -1.680005    
 -0.3414343    
 -0.9121634    
   1.100834    
  -2.470362    
  -1.371874    
   8.060821    
   4.243626    
  -13.15469    
  -1.486013    
   7.785697    
  -5.543172    
   1.292144    
   1.991769    
 -0.5471791    
  -1.702796    
  -2.065550    
  0.7992220    
  -1.090046    
   1.808827    
  -1.873129    
 -0.3414343    
  0.1916500    
   1.649247    
   17.61627    
  -1.713506    
   2.740143    
 -0.2966667    
   1.242643    
 -0.2855927    
 -0.4564821    
   2.121578    
  -3.764364    
   3.798314    
   17.37294    
   4.524020    
 -3.3976436E-02
   9.128459    
  -1.416976    
   6.113788    
  -1.520021    
  0.6561123    
   2.550776    
  -2.128281    
   2.741627    
  -4.754992    
   11.36837    
 -0.3414343    
  -9.073627    
 -8.5579924E-02
   1.200866    
  0.4234768    
  0.8487915    
   3.275213    
   5.911637    
  -1.246173    
   1.751360    
  -10.49277    
  0.3652817    
 -0.3414343    
  0.1378225    
  -2.112126    
   5.586791    
 -0.9042208    
  0.2842827    
 -0.6284620    
   1.195425    
   4.250656    
 -0.4134848    
  -1.336322    
  -2.591311    
 -0.1788262    
   2.593195    
   5.030372    
  -1.252105    
  -1.763665    
  -14.78280    
  -1.152660    
  0.6670610    
  -2.391134    
  -5.314323    
   2.034812    
   3.821222    
   2.342600    
   1.733371    
  -3.586770    
  0.3824218    
  -1.001681    
  0.8961477    
   1.611071    
  0.6657265    
  7.7220179E-02
  0.0000000E+00
   3.077655    
 -0.2659971    
  -4.066511    
  0.4979362    
  -4.065908    
  -3.772249    
  3.6365103E-02
  -1.980541    
  5.6035366E-02
   2.025120    
 -0.8563417    
 -0.3414343    
  0.3902416    
  -2.162802    
 -0.3843716    
  -3.725824    
  -2.085164    
   4.583581    
  0.6206878    
 -0.8756678    
 -0.7494029    
  -2.848631    
 -0.7319571    
  -3.831463    
 -0.8415574    
  0.6623169    
   1.408457    
   5.989732    
   3.120645    
   1.167199    
  -1.433243    
  0.7540755    
  -2.280213    
   2.611835    
  -1.771315    
  0.4059674    
  -10.29569    
   1.355291    
 -0.5701343    
   1.004510    
   4.308910    
  -2.914361    
   2.047047    
 -0.3414343    
   2.786073    
  -4.180148    
  0.3544033    
  0.6630033    
 -0.6487986    
  -1.579214    
  0.8091231    
   3.131933    
  0.8883796    
  -1.175092    
 -0.5388263    
   3.463117    
  -2.102320    
  -1.687181    
  -3.309902    
 -1.8666206E-02
  -2.743346    
  0.8584113    
  -3.531276    
   1.784167    
   1.918384    
  -1.487930    
  -1.904042    
  -2.908265    
   2.047832    
  -1.665600    
  -1.887464    
  0.6077067    
 -0.9201305    
  -2.881051    
   1.680190    
   3.346406    
 -0.1443242    
   1.386214    
  -1.249360    
   2.187750    
  0.4242052    
  -1.816215    
   3.069408    
  0.6601194    
  -6.679032    
   3.878236    
   2.697671    
   1.086960    
  0.5606950    
   2.727936    
 -2.1803750E-02
   5.272661    
  0.9278868    
   3.475837    
   9.642241    
  0.0000000E+00
 -0.8729845    
  -2.329451    
  -1.963785    
  -1.886809    
  -1.075010    
   1.613092    
   1.912137    
  -2.063046    
   6.620768    
 -0.5629873    
   2.553651    
   1.170458    
 -0.6094525    
   6.956995    
   6.680803    
   1.009185    
  -3.247574    
 -0.9939808    
  1.9275693E-03
  -2.450571    
  -8.618153    
   3.449984    
  -2.649794    
   1.477155    
 -0.6594678    
  -10.56783    
   2.187080    
  -1.121106    
  -2.187573    
 -7.8260101E-02
  -1.051900    
  -2.065550    
   3.969158    
  -2.366225    
   1.176047    
   1.282359    
   1.073549    
  -1.073249    
  -2.340699    
   18.47298    
   8.882483    
   3.685830    
  0.8282670    
   5.691305    
  0.1661126    
   1.194624    
   2.131158    
 -3.4131806E-02
  0.6722364    
  -12.99644    
   1.550169    
   1.615410    
  0.7639732    
   4.017805    
  -2.400737    
  -16.83254    
   6.008147    
  0.2322916    
  -1.804194    
 -0.6762276    
 -0.8608885    
  -1.182066    
  -1.945284    
  -1.489764    
  0.1123823    
 -0.6425509    
  -1.360942    
   12.07355    
 -0.3798399    
   10.71876    
  0.9432147    
   3.101954    
  0.5110911    
  -1.408654    
   1.251450    
  0.4514487    
   2.239589    
 -0.3944868    
   1.364157    
   2.956338    
 -0.3414343    
   1.216042    
  -1.335979    
   4.881055    
   7.078040    
  0.3364095    
   17.50514    
   5.776438    
  -1.288348    
   13.53506    
  0.6153330    
  -3.231023    
 -0.9954326    
 -0.2177064    
  -3.906563    
   11.62181    
  -1.391404    
 -0.7301500    
  0.1598490    
 -0.5098509    
   1.609628    
  0.1535547    
   1.216616    
  -3.686225    
  -2.352608    
   2.309762    
 -0.8844621    
   16.46900    
  -3.137846    
  0.6393003    
   7.227392    
  -1.371874    
  0.6478189    
 -0.6786606    
  -1.166633    
  -1.883084    
  0.5111997    
  -1.371874    
 -0.6543283    
 -0.7416505    
  -5.127242    
  -1.996125    
  0.1096332    
  0.1533675    
   1.487004    
   5.389009    
 -0.4754763    
  -1.615046    
   4.477666    
  -2.774385    
  -2.479468    
   4.722804    
  -1.053389    
  -1.417702    
   31.48601    
  -2.784271    
 -0.7631781    
  -1.513550    
   1.230652    
   1.359938    
  0.5586858    
 -0.9959961    
   1.334179    
   3.732563    
 -0.7581522    
  0.0000000E+00
  -1.605920    
  -1.377691    
  -1.296295    
   2.166254    
   4.408804    
   1.013746    
  0.4286087    
 -0.3414343    
   7.891432    
   3.066804    
  -1.100879    
  0.6940125    
  0.5125925    
  0.5970249    
   2.200462    
  -2.976467    
 -7.2305724E-02
   1.482076    
  0.0000000E+00
  0.5935548    
  0.6708425    
   2.342949    
  -4.814443    
   1.667297    
  -4.352499    
  -2.321409    
   4.402964    
  0.0000000E+00
  -1.608348    
 -0.3414343    
   3.243160    
  -1.248409    
   6.842339    
  0.4087597    
 -5.2175066E-04
   32.74481    
  0.4405860    
   3.865654    
 -0.3414343    
   3.483135    
  -2.066298    
  -1.096864    
  0.5839560    
  3.2120544E-02
  -4.475499    
   3.813789    
 -0.5964653    
  -1.337054    
  0.3182407    
  -1.266340    
  0.6610171    
 -0.2024277    
  0.8407323    
   1.450590    
  -1.864988    
   7.580316    
   8.225465    
  -2.108507    
   22.10096    
  0.6863737    
   2.255794    
 -0.5808517    
  0.3602477    
  0.6283839    
 -0.5866998    
  -1.149775    
   2.580428    
 -0.1540521    
  -2.223241    
  -1.756115    
  -1.649820    
   13.44874    
  -3.436819    
   12.68236    
  -16.12891    
  -1.920144    
  0.8692791    
  -2.835076    
  -1.613039    
  0.6405740    
   3.661422    
  -3.825010    
  0.3945926    
 -0.7672666    
   2.358893    
 -0.3745728    
  -1.108086    
  -2.417974    
   1.630595    
  -1.651654    
   5.448069    
   1.627089    
  -1.044912    
   1.767690    
  -2.438824    
  0.4841914    
 -0.2586008    
 -7.5036116E-02
   1.155080    
  -2.734579    
  -1.122123    
  -2.707666    
  0.8294455    
   8.393589    
   4.804034    
   6.774956    
  -2.992575    
  0.3866194    
  0.6102292    
 -0.7073913    
 -0.3414343    
   9.868570    
  0.9338675    
   5.147969    
   1.946695    
 -0.2127990    
   5.421321    
  -1.956521    
   1.372393    
  3.3166181E-02
  -12.38200    
  0.4423190    
   8.330369    
  0.7312369    
   12.16650    
  0.6514413    
 -0.3414343    
  -1.956758    
 -0.8456964    
  -1.819883    
   2.549334    
 -0.2188654    
   1.508448    
  0.8918077    
