  0.2887557      0.2779111      0.2644516      0.2798039    
  4.7116153E-02  0.1093079      5.7187486E-02  5.4951042E-02
  4.1350499E-02  9.8137952E-02  4.9936589E-02  4.4088483E-02
  3.3677762E-04  6.6437543E-04  4.4846360E-04  5.9646275E-04
  8.2622601E-06  3.0442063E-05  1.2561770E-05  2.0579066E-05
  3.1733181E-02  3.1733181E-02  3.5679862E-02  3.5679862E-02
  9.6442536E-02  9.6442536E-02  0.1063908      0.1063908    
  0.9653751      0.9835120       1.025717      0.9549209    
  0.0000000E+00  0.0000000E+00  0.0000000E+00  0.0000000E+00
  0.0000000E+00  0.0000000E+00  0.0000000E+00  0.0000000E+00
  0.5482615      0.6057445      0.4472831      0.4550578    
   1.239593       1.209508       1.160330       1.191237    
  0.1166772      0.1166772      0.1166772      0.1166772    
