  0.7396665      0.7450749      0.7378987      0.7427097    
  0.0000000E+00  0.0000000E+00  0.0000000E+00  0.0000000E+00
  0.0000000E+00  0.0000000E+00  0.0000000E+00  0.0000000E+00
  0.0000000E+00  0.0000000E+00  0.0000000E+00  0.0000000E+00
  0.0000000E+00  0.0000000E+00  0.0000000E+00  0.0000000E+00
  0.0000000E+00  0.0000000E+00  0.0000000E+00  0.0000000E+00
  0.0000000E+00  0.0000000E+00  0.0000000E+00  0.0000000E+00
 -0.4093148     -0.4142216     -0.4612782     -0.3879913    
  0.0000000E+00  0.0000000E+00  0.0000000E+00  0.0000000E+00
  0.0000000E+00  0.0000000E+00  0.0000000E+00  0.0000000E+00
  0.5544264      0.4762188      0.2705795      0.2529111    
 -0.4753086     -0.4493659     -0.3648658     -0.3888971    
  0.0000000E+00  0.0000000E+00  0.0000000E+00  0.0000000E+00
