   1.241504       1.245202       1.234285       1.246778    
  0.1464645      0.1628807      0.1438966      0.1616625    
  0.1419496      0.1575991      0.1394319      0.1563172    
  1.0595778E-03  1.3797688E-03  9.9672680E-04  1.4626300E-03
  3.8770566E-05  5.7587255E-05  3.7880833E-05  5.9545826E-05
  0.1165543      0.1165543      0.1177987      0.1177987    
  0.5127383      0.5127383      0.5184727      0.5184727    
  0.6335220      0.6326860      0.6210235      0.6453041    
  0.0000000E+00  0.0000000E+00  0.0000000E+00  0.0000000E+00
  0.0000000E+00  0.0000000E+00  0.0000000E+00  0.0000000E+00
  0.6654601      0.6515092      0.6003795      0.6196783    
  0.9716765      0.9678994      0.9659334      0.9702961    
  0.1374134      0.1374134      0.1374134      0.1374134    
