  0.9815826      0.9908987      0.9834126      0.9857197    
  0.1105297      0.1246125      0.1098952      0.1221476    
  0.1074237      0.1210603      0.1066943      0.1187029    
  4.6496058E-04  6.9065718E-04  4.9202715E-04  6.5535383E-04
  2.2319191E-05  3.8619037E-05  2.3458442E-05  3.6978156E-05
  9.1641016E-02  9.1641016E-02  9.2889518E-02  9.2889518E-02
  0.3967299      0.3967299      0.4017972      0.4017972    
  0.4050027      0.4253550      0.4166728      0.4168376    
  0.0000000E+00  0.0000000E+00  0.0000000E+00  0.0000000E+00
  0.0000000E+00  0.0000000E+00  0.0000000E+00  0.0000000E+00
  0.4358025      0.4457672      0.4056222      0.3955823    
  0.7623160      0.7666539      0.7657921      0.7618209    
  9.8100498E-02  9.8100498E-02  9.8100498E-02  9.8100498E-02
