    0.2998    0.8861    1.9280    0.2998    0.8861    1.9280
    0.2915    0.8638    1.9809    0.2915    0.8638    1.9809
    0.2832    0.8415    2.0338    0.2832    0.8415    2.0338
    0.2749    0.8192    2.0867    0.2749    0.8192    2.0867
    0.2666    0.7969    2.1396    0.2666    0.7969    2.1396
    0.2582    0.7746    2.1925    0.2582    0.7746    2.1925
    0.2499    0.7523    2.2454    0.2499    0.7523    2.2454
    0.2416    0.7301    2.2983    0.2416    0.7301    2.2983
    0.2333    0.7078    2.3512    0.2333    0.7078    2.3512
    0.2250    0.6855    2.4041    0.2250    0.6855    2.4041
    0.2167    0.6632    2.4570    0.2167    0.6632    2.4570
    0.2167    0.6632    2.4570    0.2167    0.6632    2.4570
    0.2167    0.6632    2.4570    0.2167    0.6632    2.4570
    0.2167    0.6632    2.4570    0.2167    0.6632    2.4570
    0.2167    0.6632    2.4570    0.2167    0.6632    2.4570
    0.2167    0.6632    2.4570    0.2167    0.6632    2.4570
    0.2167    0.6632    2.4570    0.2167    0.6632    2.4570
    0.2167    0.6632    2.4570    0.2167    0.6632    2.4570
    0.2167    0.6632    2.4570    0.2167    0.6632    2.4570
    0.2167    0.6632    2.4570    0.2167    0.6632    2.4570
