  0.0000000E+00   1.939348    
  0.0000000E+00   2.195274    
  0.0000000E+00   1.833313    
  0.0000000E+00   10.87849    
  0.0000000E+00   14.41439    
  0.0000000E+00   18.02116    
  1.4487522E-04   2.132573    
  8.8493837E-11   2.545774    
  8.3800238E-11   2.294200    
  2.4359609E-04   13.25494    
  1.4008125E-10   17.33547    
  0.0000000E+00   20.05756    
  6.7724861E-05   2.304378    
  7.6181277E-05   2.570371    
  8.6483365E-04   2.408927    
  7.5438918E-05   14.88878    
  7.8696772E-05   19.25442    
  1.7921003E-03   20.98316    
  1.4674458E-04   2.484430    
  1.4910343E-04   2.694397    
  1.5795205E-02   2.463895    
  1.5421239E-04   15.47377    
  1.7210952E-04   19.53497    
  3.6577415E-02   22.16271    
  2.4166370E-04   2.445521    
  2.4467110E-04   2.646937    
  2.4779133E-02   2.583080    
  2.4865690E-04   16.26237    
  2.6535033E-04   20.01493    
  5.2520692E-02   23.69100    
  2.6937271E-04   2.573757    
  2.6979341E-04   2.637747    
  3.1560745E-02   2.778098    
  2.7187890E-04   17.69207    
  3.0417720E-04   22.22291    
  6.2929489E-02   24.26792    
  1.3813881E-04   2.431560    
  1.5563336E-04   2.682869    
  4.4536255E-02   2.788503    
  3.8954237E-04   17.75528    
  4.1062728E-04   22.22194    
  7.8560062E-02   24.55518    
  2.3790158E-04   2.719016    
  2.6956075E-04   2.824653    
  5.2673504E-02   3.122673    
  1.4124303E-03   17.56746    
  1.5974117E-03   23.76634    
  8.6466610E-02   24.74238    
  1.2002814E-03   2.611939    
  1.2448936E-03   2.817823    
  7.8488342E-02   3.165892    
  1.5943140E-02   19.35583    
  1.6939443E-02   23.40579    
  0.1162824       25.47761    
  1.9690383E-03   2.580280    
  2.0168491E-03   2.944627    
  6.4953178E-02   3.155603    
  3.0469792E-02   18.51334    
  3.1291798E-02   22.75677    
  0.1129562       25.83262    
  1.0398589E-02   2.239563    
  1.0503443E-02   2.581148    
  5.4463565E-02   2.800459    
  4.1933350E-02   17.75319    
  4.3918468E-02   21.30698    
  0.1154152       24.50970    
  1.2520528E-02   1.785217    
  1.4385776E-02   2.024214    
  0.5063556       2.372345    
  4.4665791E-02   16.02463    
  7.4828550E-02   19.26716    
  0.7691216       22.35223    
  6.2001902E-03   1.494297    
  3.1872140E-03   1.674367    
  0.3799767       1.943663    
  3.9058950E-02   14.88051    
  6.7360349E-02   17.71100    
  0.6988658       20.75350    
  2.1784815E-03   1.188216    
  1.2237772E-04   1.299548    
  0.2580067       1.525490    
  3.2235976E-02   12.91411    
  5.3059835E-02   15.35201    
  0.5991207       17.84951    
  7.7680778E-04  0.9016302    
  9.6104355E-05  0.9636735    
  0.1482524       1.111640    
  2.3000682E-02   10.89625    
  3.3558700E-02   12.94362    
  0.4763670       15.24219    
  3.0808989E-04  0.6117723    
  9.3782757E-05  0.6424818    
  6.0676482E-02  0.7141510    
  1.3374344E-02   8.077445    
  1.3136114E-02   10.25067    
  0.3322183       12.20042    
  1.7556165E-04  0.3720985    
  8.3144470E-05  0.3404394    
  6.9512487E-03  0.3833278    
  4.8371158E-03   5.551381    
  1.0078750E-03   7.031248    
  0.1946294       8.711808    
  1.0750274E-04  0.1950389    
  8.6454020E-05  0.1426103    
  2.2976139E-05  0.1441613    
  7.5385050E-04   3.407355    
  1.1271038E-04   4.487752    
  7.4581787E-02   4.614510    
  1.2452345E-04  7.0127286E-02
  9.5335701E-05  2.1635391E-02
  2.3866633E-05  1.1411842E-02
  1.5427926E-04   1.697363    
  1.0172080E-04   2.112752    
  5.1134964E-03   2.179092    
  1.0569813E-04  1.0152051E-02
  1.0762934E-04  2.9956523E-04
  3.0258758E-04  1.7309533E-03
  1.8373631E-04  0.4455564    
  1.1607350E-04  0.6437876    
  6.9025162E-05  0.7086166    
