  0.3238532    
  0.3238577    
  0.3205152    
  0.3213778    
  0.3171773    
  0.3188978    
  0.3223841    
  0.3227980    
  0.3190462    
  0.3203180    
  0.3157083    
  0.3178381    
  0.3209151    
  0.3217383    
  0.3175772    
  0.3192584    
  0.3142393    
  0.3167784    
  0.3218322    
  0.3221737    
  0.3185218    
  0.3197110    
  0.3152114    
  0.3172483    
  0.3203747    
  0.3211212    
  0.3170643    
  0.3186585    
  0.3137539    
  0.3161958    
  0.3189174    
  0.3200686    
  0.3156070    
  0.3176059    
  0.3122966    
  0.3151432    
  0.3238532    
  0.3238577    
  0.3205152    
  0.3213778    
  0.3171773    
  0.3188978    
  0.3223841    
  0.3227980    
  0.3190462    
  0.3203180    
  0.3157083    
  0.3178381    
  0.3209151    
  0.3217383    
  0.3175772    
  0.3192584    
  0.3142393    
  0.3167784    
  0.3218322    
  0.3221737    
  0.3185218    
  0.3197110    
  0.3152114    
  0.3172483    
  0.3203747    
  0.3211212    
  0.3170643    
  0.3186585    
  0.3137539    
  0.3161958    
  0.3189174    
  0.3200686    
  0.3156070    
  0.3176059    
  0.3122966    
  0.3151432    
  0.4075131    
  0.4054920    
  0.4041752    
  0.4030121    
  0.4008373    
  0.4005321    
  0.4060440    
  0.4044323    
  0.4027061    
  0.4019524    
  0.3993682    
  0.3994724    
  0.4045750    
  0.4033727    
  0.4012371    
  0.4008927    
  0.3978992    
  0.3984127    
  0.4052091    
  0.4035690    
  0.4018987    
  0.4011062    
  0.3985883    
  0.3986436    
  0.4037516    
  0.4025163    
  0.4004413    
  0.4000537    
  0.3971308    
  0.3975910    
  0.4022942    
  0.4014638    
  0.3989839    
  0.3990012    
  0.3956735    
  0.3965384    
  0.4075131    
  0.4054920    
  0.4041752    
  0.4030121    
  0.4008373    
  0.4005321    
  0.4060440    
  0.4044323    
  0.4027061    
  0.4019524    
  0.3993682    
  0.3994724    
  0.4045750    
  0.4033727    
  0.4012371    
  0.4008927    
  0.3978992    
  0.3984127    
  0.4052091    
  0.4035690    
  0.4018987    
  0.4011062    
  0.3985883    
  0.3986436    
  0.4037516    
  0.4025163    
  0.4004413    
  0.4000537    
  0.3971308    
  0.3975910    
  0.4022942    
  0.4014638    
  0.3989839    
  0.3990012    
  0.3956735    
  0.3965384    
  0.4702580    
  0.4667177    
  0.4669201    
  0.4642378    
  0.4635822    
  0.4617577    
  0.4687890    
  0.4656581    
  0.4654511    
  0.4631780    
  0.4621132    
  0.4606981    
  0.4673199    
  0.4645984    
  0.4639820    
  0.4621184    
  0.4606441    
  0.4596384    
  0.4677417    
  0.4646153    
  0.4644313    
  0.4621527    
  0.4611209    
  0.4596900    
  0.4662843    
  0.4635628    
  0.4629739    
  0.4611001    
  0.4596635    
  0.4586374    
  0.4648269    
  0.4625102    
  0.4615165    
  0.4600475    
  0.4582061    
  0.4575848    
  0.4702580    
  0.4667177    
  0.4669201    
  0.4642378    
  0.4635822    
  0.4617577    
  0.4687890    
  0.4656581    
  0.4654511    
  0.4631780    
  0.4621132    
  0.4606981    
  0.4673199    
  0.4645984    
  0.4639820    
  0.4621184    
  0.4606441    
  0.4596384    
  0.4677417    
  0.4646153    
  0.4644313    
  0.4621527    
  0.4611209    
  0.4596900    
  0.4662843    
  0.4635628    
  0.4629739    
  0.4611001    
  0.4596635    
  0.4586374    
  0.4648269    
  0.4625102    
  0.4615165    
  0.4600475    
  0.4582061    
  0.4575848    
  0.5539179    
  0.5483520    
  0.5505800    
  0.5458720    
  0.5472420    
  0.5433919    
  0.5524489    
  0.5472924    
  0.5491109    
  0.5448123    
  0.5457730    
  0.5423323    
  0.5509799    
  0.5462327    
  0.5476419    
  0.5437527    
  0.5443040    
  0.5412726    
  0.5511186    
  0.5460105    
  0.5478081    
  0.5435479    
  0.5444978    
  0.5410851    
  0.5496610    
  0.5449580    
  0.5463507    
  0.5424953    
  0.5430404    
  0.5400325    
  0.5482037    
  0.5439054    
  0.5448933    
  0.5414428    
  0.5415829    
  0.5389800    
  0.5539179    
  0.5483520    
  0.5505800    
  0.5458720    
  0.5472420    
  0.5433919    
  0.5524489    
  0.5472924    
  0.5491109    
  0.5448123    
  0.5457730    
  0.5423323    
  0.5509799    
  0.5462327    
  0.5476419    
  0.5437527    
  0.5443040    
  0.5412726    
  0.5511186    
  0.5460105    
  0.5478081    
  0.5435479    
  0.5444978    
  0.5410851    
  0.5496610    
  0.5449580    
  0.5463507    
  0.5424953    
  0.5430404    
  0.5400325    
  0.5482037    
  0.5439054    
  0.5448933    
  0.5414428    
  0.5415829    
  0.5389800    
  0.3238532    
  0.3238577    
  0.3205152    
  0.3213778    
  0.3171773    
  0.3188978    
  0.3223841    
  0.3227980    
  0.3190462    
  0.3203180    
  0.3157083    
  0.3178381    
  0.3209151    
  0.3217383    
  0.3175772    
  0.3192584    
  0.3142393    
  0.3167784    
  0.3218322    
  0.3221737    
  0.3185218    
  0.3197110    
  0.3152114    
  0.3172483    
  0.3203747    
  0.3211212    
  0.3170643    
  0.3186585    
  0.3137539    
  0.3161958    
  0.3189174    
  0.3200686    
  0.3156070    
  0.3176059    
  0.3122966    
  0.3151432    
  0.3238532    
  0.3238577    
  0.3205152    
  0.3213778    
  0.3171773    
  0.3188978    
  0.3223841    
  0.3227980    
  0.3190462    
  0.3203180    
  0.3157083    
  0.3178381    
  0.3209151    
  0.3217383    
  0.3175772    
  0.3192584    
  0.3142393    
  0.3167784    
  0.3218322    
  0.3221737    
  0.3185218    
  0.3197110    
  0.3152114    
  0.3172483    
  0.3203747    
  0.3211212    
  0.3170643    
  0.3186585    
  0.3137539    
  0.3161958    
  0.3189174    
  0.3200686    
  0.3156070    
  0.3176059    
  0.3122966    
  0.3151432    
  0.4075131    
  0.4054920    
  0.4041752    
  0.4030121    
  0.4008373    
  0.4005321    
  0.4060440    
  0.4044323    
  0.4027061    
  0.4019524    
  0.3993682    
  0.3994724    
  0.4045750    
  0.4033727    
  0.4012371    
  0.4008927    
  0.3978992    
  0.3984127    
  0.4052091    
  0.4035690    
  0.4018987    
  0.4011062    
  0.3985883    
  0.3986436    
  0.4037516    
  0.4025163    
  0.4004413    
  0.4000537    
  0.3971308    
  0.3975910    
  0.4022942    
  0.4014638    
  0.3989839    
  0.3990012    
  0.3956735    
  0.3965384    
  0.4075131    
  0.4054920    
  0.4041752    
  0.4030121    
  0.4008373    
  0.4005321    
  0.4060440    
  0.4044323    
  0.4027061    
  0.4019524    
  0.3993682    
  0.3994724    
  0.4045750    
  0.4033727    
  0.4012371    
  0.4008927    
  0.3978992    
  0.3984127    
  0.4052091    
  0.4035690    
  0.4018987    
  0.4011062    
  0.3985883    
  0.3986436    
  0.4037516    
  0.4025163    
  0.4004413    
  0.4000537    
  0.3971308    
  0.3975910    
  0.4022942    
  0.4014638    
  0.3989839    
  0.3990012    
  0.3956735    
  0.3965384    
  0.4702580    
  0.4667177    
  0.4669201    
  0.4642378    
  0.4635822    
  0.4617577    
  0.4687890    
  0.4656581    
  0.4654511    
  0.4631780    
  0.4621132    
  0.4606981    
  0.4673199    
  0.4645984    
  0.4639820    
  0.4621184    
  0.4606441    
  0.4596384    
  0.4677417    
  0.4646153    
  0.4644313    
  0.4621527    
  0.4611209    
  0.4596900    
  0.4662843    
  0.4635628    
  0.4629739    
  0.4611001    
  0.4596635    
  0.4586374    
  0.4648269    
  0.4625102    
  0.4615165    
  0.4600475    
  0.4582061    
  0.4575848    
  0.4702580    
  0.4667177    
  0.4669201    
  0.4642378    
  0.4635822    
  0.4617577    
  0.4687890    
  0.4656581    
  0.4654511    
  0.4631780    
  0.4621132    
  0.4606981    
  0.4673199    
  0.4645984    
  0.4639820    
  0.4621184    
  0.4606441    
  0.4596384    
  0.4677417    
  0.4646153    
  0.4644313    
  0.4621527    
  0.4611209    
  0.4596900    
  0.4662843    
  0.4635628    
  0.4629739    
  0.4611001    
  0.4596635    
  0.4586374    
  0.4648269    
  0.4625102    
  0.4615165    
  0.4600475    
  0.4582061    
  0.4575848    
  0.5539179    
  0.5483520    
  0.5505800    
  0.5458720    
  0.5472420    
  0.5433919    
  0.5524489    
  0.5472924    
  0.5491109    
  0.5448123    
  0.5457730    
  0.5423323    
  0.5509799    
  0.5462327    
  0.5476419    
  0.5437527    
  0.5443040    
  0.5412726    
  0.5511186    
  0.5460105    
  0.5478081    
  0.5435479    
  0.5444978    
  0.5410851    
  0.5496610    
  0.5449580    
  0.5463507    
  0.5424953    
  0.5430404    
  0.5400325    
  0.5482037    
  0.5439054    
  0.5448933    
  0.5414428    
  0.5415829    
  0.5389800    
  0.5539179    
  0.5483520    
  0.5505800    
  0.5458720    
  0.5472420    
  0.5433919    
  0.5524489    
  0.5472924    
  0.5491109    
  0.5448123    
  0.5457730    
  0.5423323    
  0.5509799    
  0.5462327    
  0.5476419    
  0.5437527    
  0.5443040    
  0.5412726    
  0.5511186    
  0.5460105    
  0.5478081    
  0.5435479    
  0.5444978    
  0.5410851    
  0.5496610    
  0.5449580    
  0.5463507    
  0.5424953    
  0.5430404    
  0.5400325    
  0.5482037    
  0.5439054    
  0.5448933    
  0.5414428    
  0.5415829    
  0.5389800    
  0.3238532    
  0.3238577    
  0.3205152    
  0.3213778    
  0.3171773    
  0.3188978    
  0.3223841    
  0.3227980    
  0.3190462    
  0.3203180    
  0.3157083    
  0.3178381    
  0.3209151    
  0.3217383    
  0.3175772    
  0.3192584    
  0.3142393    
  0.3167784    
  0.3218322    
  0.3221737    
  0.3185218    
  0.3197110    
  0.3152114    
  0.3172483    
  0.3203747    
  0.3211212    
  0.3170643    
  0.3186585    
  0.3137539    
  0.3161958    
  0.3189174    
  0.3200686    
  0.3156070    
  0.3176059    
  0.3122966    
  0.3151432    
  0.3238532    
  0.3238577    
  0.3205152    
  0.3213778    
  0.3171773    
  0.3188978    
  0.3223841    
  0.3227980    
  0.3190462    
  0.3203180    
  0.3157083    
  0.3178381    
  0.3209151    
  0.3217383    
  0.3175772    
  0.3192584    
  0.3142393    
  0.3167784    
  0.3218322    
  0.3221737    
  0.3185218    
  0.3197110    
  0.3152114    
  0.3172483    
  0.3203747    
  0.3211212    
  0.3170643    
  0.3186585    
  0.3137539    
  0.3161958    
  0.3189174    
  0.3200686    
  0.3156070    
  0.3176059    
  0.3122966    
  0.3151432    
  0.4075131    
  0.4054920    
  0.4041752    
  0.4030121    
  0.4008373    
  0.4005321    
  0.4060440    
  0.4044323    
  0.4027061    
  0.4019524    
  0.3993682    
  0.3994724    
  0.4045750    
  0.4033727    
  0.4012371    
  0.4008927    
  0.3978992    
  0.3984127    
  0.4052091    
  0.4035690    
  0.4018987    
  0.4011062    
  0.3985883    
  0.3986436    
  0.4037516    
  0.4025163    
  0.4004413    
  0.4000537    
  0.3971308    
  0.3975910    
  0.4022942    
  0.4014638    
  0.3989839    
  0.3990012    
  0.3956735    
  0.3965384    
  0.4075131    
  0.4054920    
  0.4041752    
  0.4030121    
  0.4008373    
  0.4005321    
  0.4060440    
  0.4044323    
  0.4027061    
  0.4019524    
  0.3993682    
  0.3994724    
  0.4045750    
  0.4033727    
  0.4012371    
  0.4008927    
  0.3978992    
  0.3984127    
  0.4052091    
  0.4035690    
  0.4018987    
  0.4011062    
  0.3985883    
  0.3986436    
  0.4037516    
  0.4025163    
  0.4004413    
  0.4000537    
  0.3971308    
  0.3975910    
  0.4022942    
  0.4014638    
  0.3989839    
  0.3990012    
  0.3956735    
  0.3965384    
  0.4702580    
  0.4667177    
  0.4669201    
  0.4642378    
  0.4635822    
  0.4617577    
  0.4687890    
  0.4656581    
  0.4654511    
  0.4631780    
  0.4621132    
  0.4606981    
  0.4673199    
  0.4645984    
  0.4639820    
  0.4621184    
  0.4606441    
  0.4596384    
  0.4677417    
  0.4646153    
  0.4644313    
  0.4621527    
  0.4611209    
  0.4596900    
  0.4662843    
  0.4635628    
  0.4629739    
  0.4611001    
  0.4596635    
  0.4586374    
  0.4648269    
  0.4625102    
  0.4615165    
  0.4600475    
  0.4582061    
  0.4575848    
  0.4702580    
  0.4667177    
  0.4669201    
  0.4642378    
  0.4635822    
  0.4617577    
  0.4687890    
  0.4656581    
  0.4654511    
  0.4631780    
  0.4621132    
  0.4606981    
  0.4673199    
  0.4645984    
  0.4639820    
  0.4621184    
  0.4606441    
  0.4596384    
  0.4677417    
  0.4646153    
  0.4644313    
  0.4621527    
  0.4611209    
  0.4596900    
  0.4662843    
  0.4635628    
  0.4629739    
  0.4611001    
  0.4596635    
  0.4586374    
  0.4648269    
  0.4625102    
  0.4615165    
  0.4600475    
  0.4582061    
  0.4575848    
  0.5539179    
  0.5483520    
  0.5505800    
  0.5458720    
  0.5472420    
  0.5433919    
  0.5524489    
  0.5472924    
  0.5491109    
  0.5448123    
  0.5457730    
  0.5423323    
  0.5509799    
  0.5462327    
  0.5476419    
  0.5437527    
  0.5443040    
  0.5412726    
  0.5511186    
  0.5460105    
  0.5478081    
  0.5435479    
  0.5444978    
  0.5410851    
  0.5496610    
  0.5449580    
  0.5463507    
  0.5424953    
  0.5430404    
  0.5400325    
  0.5482037    
  0.5439054    
  0.5448933    
  0.5414428    
  0.5415829    
  0.5389800    
  0.5539179    
  0.5483520    
  0.5505800    
  0.5458720    
  0.5472420    
  0.5433919    
  0.5524489    
  0.5472924    
  0.5491109    
  0.5448123    
  0.5457730    
  0.5423323    
  0.5509799    
  0.5462327    
  0.5476419    
  0.5437527    
  0.5443040    
  0.5412726    
  0.5511186    
  0.5460105    
  0.5478081    
  0.5435479    
  0.5444978    
  0.5410851    
  0.5496610    
  0.5449580    
  0.5463507    
  0.5424953    
  0.5430404    
  0.5400325    
  0.5482037    
  0.5439054    
  0.5448933    
  0.5414428    
  0.5415829    
  0.5389800    
  0.3238532    
  0.3238577    
  0.3205152    
  0.3213778    
  0.3171773    
  0.3188978    
  0.3223841    
  0.3227980    
  0.3190462    
  0.3203180    
  0.3157083    
  0.3178381    
  0.3209151    
  0.3217383    
  0.3175772    
  0.3192584    
  0.3142393    
  0.3167784    
  0.3218322    
  0.3221737    
  0.3185218    
  0.3197110    
  0.3152114    
  0.3172483    
  0.3203747    
  0.3211212    
  0.3170643    
  0.3186585    
  0.3137539    
  0.3161958    
  0.3189174    
  0.3200686    
  0.3156070    
  0.3176059    
  0.3122966    
  0.3151432    
  0.3238532    
  0.3238577    
  0.3205152    
  0.3213778    
  0.3171773    
  0.3188978    
  0.3223841    
  0.3227980    
  0.3190462    
  0.3203180    
  0.3157083    
  0.3178381    
  0.3209151    
  0.3217383    
  0.3175772    
  0.3192584    
  0.3142393    
  0.3167784    
  0.3218322    
  0.3221737    
  0.3185218    
  0.3197110    
  0.3152114    
  0.3172483    
  0.3203747    
  0.3211212    
  0.3170643    
  0.3186585    
  0.3137539    
  0.3161958    
  0.3189174    
  0.3200686    
  0.3156070    
  0.3176059    
  0.3122966    
  0.3151432    
  0.4075131    
  0.4054920    
  0.4041752    
  0.4030121    
  0.4008373    
  0.4005321    
  0.4060440    
  0.4044323    
  0.4027061    
  0.4019524    
  0.3993682    
  0.3994724    
  0.4045750    
  0.4033727    
  0.4012371    
  0.4008927    
  0.3978992    
  0.3984127    
  0.4052091    
  0.4035690    
  0.4018987    
  0.4011062    
  0.3985883    
  0.3986436    
  0.4037516    
  0.4025163    
  0.4004413    
  0.4000537    
  0.3971308    
  0.3975910    
  0.4022942    
  0.4014638    
  0.3989839    
  0.3990012    
  0.3956735    
  0.3965384    
  0.4075131    
  0.4054920    
  0.4041752    
  0.4030121    
  0.4008373    
  0.4005321    
  0.4060440    
  0.4044323    
  0.4027061    
  0.4019524    
  0.3993682    
  0.3994724    
  0.4045750    
  0.4033727    
  0.4012371    
  0.4008927    
  0.3978992    
  0.3984127    
  0.4052091    
  0.4035690    
  0.4018987    
  0.4011062    
  0.3985883    
  0.3986436    
  0.4037516    
  0.4025163    
  0.4004413    
  0.4000537    
  0.3971308    
  0.3975910    
  0.4022942    
  0.4014638    
  0.3989839    
  0.3990012    
  0.3956735    
  0.3965384    
  0.4702580    
  0.4667177    
  0.4669201    
  0.4642378    
  0.4635822    
  0.4617577    
  0.4687890    
  0.4656581    
  0.4654511    
  0.4631780    
  0.4621132    
  0.4606981    
  0.4673199    
  0.4645984    
  0.4639820    
  0.4621184    
  0.4606441    
  0.4596384    
  0.4677417    
  0.4646153    
  0.4644313    
  0.4621527    
  0.4611209    
  0.4596900    
  0.4662843    
  0.4635628    
  0.4629739    
  0.4611001    
  0.4596635    
  0.4586374    
  0.4648269    
  0.4625102    
  0.4615165    
  0.4600475    
  0.4582061    
  0.4575848    
  0.4702580    
  0.4667177    
  0.4669201    
  0.4642378    
  0.4635822    
  0.4617577    
  0.4687890    
  0.4656581    
  0.4654511    
  0.4631780    
  0.4621132    
  0.4606981    
  0.4673199    
  0.4645984    
  0.4639820    
  0.4621184    
  0.4606441    
  0.4596384    
  0.4677417    
  0.4646153    
  0.4644313    
  0.4621527    
  0.4611209    
  0.4596900    
  0.4662843    
  0.4635628    
  0.4629739    
  0.4611001    
  0.4596635    
  0.4586374    
  0.4648269    
  0.4625102    
  0.4615165    
  0.4600475    
  0.4582061    
  0.4575848    
  0.5539179    
  0.5483520    
  0.5505800    
  0.5458720    
  0.5472420    
  0.5433919    
  0.5524489    
  0.5472924    
  0.5491109    
  0.5448123    
  0.5457730    
  0.5423323    
  0.5509799    
  0.5462327    
  0.5476419    
  0.5437527    
  0.5443040    
  0.5412726    
  0.5511186    
  0.5460105    
  0.5478081    
  0.5435479    
  0.5444978    
  0.5410851    
  0.5496610    
  0.5449580    
  0.5463507    
  0.5424953    
  0.5430404    
  0.5400325    
  0.5482037    
  0.5439054    
  0.5448933    
  0.5414428    
  0.5415829    
  0.5389800    
  0.5539179    
  0.5483520    
  0.5505800    
  0.5458720    
  0.5472420    
  0.5433919    
  0.5524489    
  0.5472924    
  0.5491109    
  0.5448123    
  0.5457730    
  0.5423323    
  0.5509799    
  0.5462327    
  0.5476419    
  0.5437527    
  0.5443040    
  0.5412726    
  0.5511186    
  0.5460105    
  0.5478081    
  0.5435479    
  0.5444978    
  0.5410851    
  0.5496610    
  0.5449580    
  0.5463507    
  0.5424953    
  0.5430404    
  0.5400325    
  0.5482037    
  0.5439054    
  0.5448933    
  0.5414428    
  0.5415829    
  0.5389800    
  0.3238532    
  0.3238577    
  0.3205152    
  0.3213778    
  0.3171773    
  0.3188978    
  0.3223841    
  0.3227980    
  0.3190462    
  0.3203180    
  0.3157083    
  0.3178381    
  0.3209151    
  0.3217383    
  0.3175772    
  0.3192584    
  0.3142393    
  0.3167784    
  0.3218322    
  0.3221737    
  0.3185218    
  0.3197110    
  0.3152114    
  0.3172483    
  0.3203747    
  0.3211212    
  0.3170643    
  0.3186585    
  0.3137539    
  0.3161958    
  0.3189174    
  0.3200686    
  0.3156070    
  0.3176059    
  0.3122966    
  0.3151432    
  0.3238532    
  0.3238577    
  0.3205152    
  0.3213778    
  0.3171773    
  0.3188978    
  0.3223841    
  0.3227980    
  0.3190462    
  0.3203180    
  0.3157083    
  0.3178381    
  0.3209151    
  0.3217383    
  0.3175772    
  0.3192584    
  0.3142393    
  0.3167784    
  0.3218322    
  0.3221737    
  0.3185218    
  0.3197110    
  0.3152114    
  0.3172483    
  0.3203747    
  0.3211212    
  0.3170643    
  0.3186585    
  0.3137539    
  0.3161958    
  0.3189174    
  0.3200686    
  0.3156070    
  0.3176059    
  0.3122966    
  0.3151432    
  0.4075131    
  0.4054920    
  0.4041752    
  0.4030121    
  0.4008373    
  0.4005321    
  0.4060440    
  0.4044323    
  0.4027061    
  0.4019524    
  0.3993682    
  0.3994724    
  0.4045750    
  0.4033727    
  0.4012371    
  0.4008927    
  0.3978992    
  0.3984127    
  0.4052091    
  0.4035690    
  0.4018987    
  0.4011062    
  0.3985883    
  0.3986436    
  0.4037516    
  0.4025163    
  0.4004413    
  0.4000537    
  0.3971308    
  0.3975910    
  0.4022942    
  0.4014638    
  0.3989839    
  0.3990012    
  0.3956735    
  0.3965384    
  0.4075131    
  0.4054920    
  0.4041752    
  0.4030121    
  0.4008373    
  0.4005321    
  0.4060440    
  0.4044323    
  0.4027061    
  0.4019524    
  0.3993682    
  0.3994724    
  0.4045750    
  0.4033727    
  0.4012371    
  0.4008927    
  0.3978992    
  0.3984127    
  0.4052091    
  0.4035690    
  0.4018987    
  0.4011062    
  0.3985883    
  0.3986436    
  0.4037516    
  0.4025163    
  0.4004413    
  0.4000537    
  0.3971308    
  0.3975910    
  0.4022942    
  0.4014638    
  0.3989839    
  0.3990012    
  0.3956735    
  0.3965384    
  0.4702580    
  0.4667177    
  0.4669201    
  0.4642378    
  0.4635822    
  0.4617577    
  0.4687890    
  0.4656581    
  0.4654511    
  0.4631780    
  0.4621132    
  0.4606981    
  0.4673199    
  0.4645984    
  0.4639820    
  0.4621184    
  0.4606441    
  0.4596384    
  0.4677417    
  0.4646153    
  0.4644313    
  0.4621527    
  0.4611209    
  0.4596900    
  0.4662843    
  0.4635628    
  0.4629739    
  0.4611001    
  0.4596635    
  0.4586374    
  0.4648269    
  0.4625102    
  0.4615165    
  0.4600475    
  0.4582061    
  0.4575848    
  0.4702580    
  0.4667177    
  0.4669201    
  0.4642378    
  0.4635822    
  0.4617577    
  0.4687890    
  0.4656581    
  0.4654511    
  0.4631780    
  0.4621132    
  0.4606981    
  0.4673199    
  0.4645984    
  0.4639820    
  0.4621184    
  0.4606441    
  0.4596384    
  0.4677417    
  0.4646153    
  0.4644313    
  0.4621527    
  0.4611209    
  0.4596900    
  0.4662843    
  0.4635628    
  0.4629739    
  0.4611001    
  0.4596635    
  0.4586374    
  0.4648269    
  0.4625102    
  0.4615165    
  0.4600475    
  0.4582061    
  0.4575848    
  0.5539179    
  0.5483520    
  0.5505800    
  0.5458720    
  0.5472420    
  0.5433919    
  0.5524489    
  0.5472924    
  0.5491109    
  0.5448123    
  0.5457730    
  0.5423323    
  0.5509799    
  0.5462327    
  0.5476419    
  0.5437527    
  0.5443040    
  0.5412726    
  0.5511186    
  0.5460105    
  0.5478081    
  0.5435479    
  0.5444978    
  0.5410851    
  0.5496610    
  0.5449580    
  0.5463507    
  0.5424953    
  0.5430404    
  0.5400325    
  0.5482037    
  0.5439054    
  0.5448933    
  0.5414428    
  0.5415829    
  0.5389800    
  0.5539179    
  0.5483520    
  0.5505800    
  0.5458720    
  0.5472420    
  0.5433919    
  0.5524489    
  0.5472924    
  0.5491109    
  0.5448123    
  0.5457730    
  0.5423323    
  0.5509799    
  0.5462327    
  0.5476419    
  0.5437527    
  0.5443040    
  0.5412726    
  0.5511186    
  0.5460105    
  0.5478081    
  0.5435479    
  0.5444978    
  0.5410851    
  0.5496610    
  0.5449580    
  0.5463507    
  0.5424953    
  0.5430404    
  0.5400325    
  0.5482037    
  0.5439054    
  0.5448933    
  0.5414428    
  0.5415829    
  0.5389800    
  0.3238532    
  0.3238577    
  0.3205152    
  0.3213778    
  0.3171773    
  0.3188978    
  0.3223841    
  0.3227980    
  0.3190462    
  0.3203180    
  0.3157083    
  0.3178381    
  0.3209151    
  0.3217383    
  0.3175772    
  0.3192584    
  0.3142393    
  0.3167784    
  0.3218322    
  0.3221737    
  0.3185218    
  0.3197110    
  0.3152114    
  0.3172483    
  0.3203747    
  0.3211212    
  0.3170643    
  0.3186585    
  0.3137539    
  0.3161958    
  0.3189174    
  0.3200686    
  0.3156070    
  0.3176059    
  0.3122966    
  0.3151432    
  0.3238532    
  0.3238577    
  0.3205152    
  0.3213778    
  0.3171773    
  0.3188978    
  0.3223841    
  0.3227980    
  0.3190462    
  0.3203180    
  0.3157083    
  0.3178381    
  0.3209151    
  0.3217383    
  0.3175772    
  0.3192584    
  0.3142393    
  0.3167784    
  0.3218322    
  0.3221737    
  0.3185218    
  0.3197110    
  0.3152114    
  0.3172483    
  0.3203747    
  0.3211212    
  0.3170643    
  0.3186585    
  0.3137539    
  0.3161958    
  0.3189174    
  0.3200686    
  0.3156070    
  0.3176059    
  0.3122966    
  0.3151432    
  0.4075131    
  0.4054920    
  0.4041752    
  0.4030121    
  0.4008373    
  0.4005321    
  0.4060440    
  0.4044323    
  0.4027061    
  0.4019524    
  0.3993682    
  0.3994724    
  0.4045750    
  0.4033727    
  0.4012371    
  0.4008927    
  0.3978992    
  0.3984127    
  0.4052091    
  0.4035690    
  0.4018987    
  0.4011062    
  0.3985883    
  0.3986436    
  0.4037516    
  0.4025163    
  0.4004413    
  0.4000537    
  0.3971308    
  0.3975910    
  0.4022942    
  0.4014638    
  0.3989839    
  0.3990012    
  0.3956735    
  0.3965384    
  0.4075131    
  0.4054920    
  0.4041752    
  0.4030121    
  0.4008373    
  0.4005321    
  0.4060440    
  0.4044323    
  0.4027061    
  0.4019524    
  0.3993682    
  0.3994724    
  0.4045750    
  0.4033727    
  0.4012371    
  0.4008927    
  0.3978992    
  0.3984127    
  0.4052091    
  0.4035690    
  0.4018987    
  0.4011062    
  0.3985883    
  0.3986436    
  0.4037516    
  0.4025163    
  0.4004413    
  0.4000537    
  0.3971308    
  0.3975910    
  0.4022942    
  0.4014638    
  0.3989839    
  0.3990012    
  0.3956735    
  0.3965384    
  0.4702580    
  0.4667177    
  0.4669201    
  0.4642378    
  0.4635822    
  0.4617577    
  0.4687890    
  0.4656581    
  0.4654511    
  0.4631780    
  0.4621132    
  0.4606981    
  0.4673199    
  0.4645984    
  0.4639820    
  0.4621184    
  0.4606441    
  0.4596384    
  0.4677417    
  0.4646153    
  0.4644313    
  0.4621527    
  0.4611209    
  0.4596900    
  0.4662843    
  0.4635628    
  0.4629739    
  0.4611001    
  0.4596635    
  0.4586374    
  0.4648269    
  0.4625102    
  0.4615165    
  0.4600475    
  0.4582061    
  0.4575848    
  0.4702580    
  0.4667177    
  0.4669201    
  0.4642378    
  0.4635822    
  0.4617577    
  0.4687890    
  0.4656581    
  0.4654511    
  0.4631780    
  0.4621132    
  0.4606981    
  0.4673199    
  0.4645984    
  0.4639820    
  0.4621184    
  0.4606441    
  0.4596384    
  0.4677417    
  0.4646153    
  0.4644313    
  0.4621527    
  0.4611209    
  0.4596900    
  0.4662843    
  0.4635628    
  0.4629739    
  0.4611001    
  0.4596635    
  0.4586374    
  0.4648269    
  0.4625102    
  0.4615165    
  0.4600475    
  0.4582061    
  0.4575848    
  0.5539179    
  0.5483520    
  0.5505800    
  0.5458720    
  0.5472420    
  0.5433919    
  0.5524489    
  0.5472924    
  0.5491109    
  0.5448123    
  0.5457730    
  0.5423323    
  0.5509799    
  0.5462327    
  0.5476419    
  0.5437527    
  0.5443040    
  0.5412726    
  0.5511186    
  0.5460105    
  0.5478081    
  0.5435479    
  0.5444978    
  0.5410851    
  0.5496610    
  0.5449580    
  0.5463507    
  0.5424953    
  0.5430404    
  0.5400325    
  0.5482037    
  0.5439054    
  0.5448933    
  0.5414428    
  0.5415829    
  0.5389800    
  0.5539179    
  0.5483520    
  0.5505800    
  0.5458720    
  0.5472420    
  0.5433919    
  0.5524489    
  0.5472924    
  0.5491109    
  0.5448123    
  0.5457730    
  0.5423323    
  0.5509799    
  0.5462327    
  0.5476419    
  0.5437527    
  0.5443040    
  0.5412726    
  0.5511186    
  0.5460105    
  0.5478081    
  0.5435479    
  0.5444978    
  0.5410851    
  0.5496610    
  0.5449580    
  0.5463507    
  0.5424953    
  0.5430404    
  0.5400325    
  0.5482037    
  0.5439054    
  0.5448933    
  0.5414428    
  0.5415829    
  0.5389800    
  0.3238532    
  0.3238577    
  0.3205152    
  0.3213778    
  0.3171773    
  0.3188978    
  0.3223841    
  0.3227980    
  0.3190462    
  0.3203180    
  0.3157083    
  0.3178381    
  0.3209151    
  0.3217383    
  0.3175772    
  0.3192584    
  0.3142393    
  0.3167784    
  0.3218322    
  0.3221737    
  0.3185218    
  0.3197110    
  0.3152114    
  0.3172483    
  0.3203747    
  0.3211212    
  0.3170643    
  0.3186585    
  0.3137539    
  0.3161958    
  0.3189174    
  0.3200686    
  0.3156070    
  0.3176059    
  0.3122966    
  0.3151432    
  0.3238532    
  0.3238577    
  0.3205152    
  0.3213778    
  0.3171773    
  0.3188978    
  0.3223841    
  0.3227980    
  0.3190462    
  0.3203180    
  0.3157083    
  0.3178381    
  0.3209151    
  0.3217383    
  0.3175772    
  0.3192584    
  0.3142393    
  0.3167784    
  0.3218322    
  0.3221737    
  0.3185218    
  0.3197110    
  0.3152114    
  0.3172483    
  0.3203747    
  0.3211212    
  0.3170643    
  0.3186585    
  0.3137539    
  0.3161958    
  0.3189174    
  0.3200686    
  0.3156070    
  0.3176059    
  0.3122966    
  0.3151432    
  0.4075131    
  0.4054920    
  0.4041752    
  0.4030121    
  0.4008373    
  0.4005321    
  0.4060440    
  0.4044323    
  0.4027061    
  0.4019524    
  0.3993682    
  0.3994724    
  0.4045750    
  0.4033727    
  0.4012371    
  0.4008927    
  0.3978992    
  0.3984127    
  0.4052091    
  0.4035690    
  0.4018987    
  0.4011062    
  0.3985883    
  0.3986436    
  0.4037516    
  0.4025163    
  0.4004413    
  0.4000537    
  0.3971308    
  0.3975910    
  0.4022942    
  0.4014638    
  0.3989839    
  0.3990012    
  0.3956735    
  0.3965384    
  0.4075131    
  0.4054920    
  0.4041752    
  0.4030121    
  0.4008373    
  0.4005321    
  0.4060440    
  0.4044323    
  0.4027061    
  0.4019524    
  0.3993682    
  0.3994724    
  0.4045750    
  0.4033727    
  0.4012371    
  0.4008927    
  0.3978992    
  0.3984127    
  0.4052091    
  0.4035690    
  0.4018987    
  0.4011062    
  0.3985883    
  0.3986436    
  0.4037516    
  0.4025163    
  0.4004413    
  0.4000537    
  0.3971308    
  0.3975910    
  0.4022942    
  0.4014638    
  0.3989839    
  0.3990012    
  0.3956735    
  0.3965384    
  0.4702580    
  0.4667177    
  0.4669201    
  0.4642378    
  0.4635822    
  0.4617577    
  0.4687890    
  0.4656581    
  0.4654511    
  0.4631780    
  0.4621132    
  0.4606981    
  0.4673199    
  0.4645984    
  0.4639820    
  0.4621184    
  0.4606441    
  0.4596384    
  0.4677417    
  0.4646153    
  0.4644313    
  0.4621527    
  0.4611209    
  0.4596900    
  0.4662843    
  0.4635628    
  0.4629739    
  0.4611001    
  0.4596635    
  0.4586374    
  0.4648269    
  0.4625102    
  0.4615165    
  0.4600475    
  0.4582061    
  0.4575848    
  0.4702580    
  0.4667177    
  0.4669201    
  0.4642378    
  0.4635822    
  0.4617577    
  0.4687890    
  0.4656581    
  0.4654511    
  0.4631780    
  0.4621132    
  0.4606981    
  0.4673199    
  0.4645984    
  0.4639820    
  0.4621184    
  0.4606441    
  0.4596384    
  0.4677417    
  0.4646153    
  0.4644313    
  0.4621527    
  0.4611209    
  0.4596900    
  0.4662843    
  0.4635628    
  0.4629739    
  0.4611001    
  0.4596635    
  0.4586374    
  0.4648269    
  0.4625102    
  0.4615165    
  0.4600475    
  0.4582061    
  0.4575848    
  0.5539179    
  0.5483520    
  0.5505800    
  0.5458720    
  0.5472420    
  0.5433919    
  0.5524489    
  0.5472924    
  0.5491109    
  0.5448123    
  0.5457730    
  0.5423323    
  0.5509799    
  0.5462327    
  0.5476419    
  0.5437527    
  0.5443040    
  0.5412726    
  0.5511186    
  0.5460105    
  0.5478081    
  0.5435479    
  0.5444978    
  0.5410851    
  0.5496610    
  0.5449580    
  0.5463507    
  0.5424953    
  0.5430404    
  0.5400325    
  0.5482037    
  0.5439054    
  0.5448933    
  0.5414428    
  0.5415829    
  0.5389800    
  0.5539179    
  0.5483520    
  0.5505800    
  0.5458720    
  0.5472420    
  0.5433919    
  0.5524489    
  0.5472924    
  0.5491109    
  0.5448123    
  0.5457730    
  0.5423323    
  0.5509799    
  0.5462327    
  0.5476419    
  0.5437527    
  0.5443040    
  0.5412726    
  0.5511186    
  0.5460105    
  0.5478081    
  0.5435479    
  0.5444978    
  0.5410851    
  0.5496610    
  0.5449580    
  0.5463507    
  0.5424953    
  0.5430404    
  0.5400325    
  0.5482037    
  0.5439054    
  0.5448933    
  0.5414428    
  0.5415829    
  0.5389800    
  0.3238532    
  0.3238577    
  0.3205152    
  0.3213778    
  0.3171773    
  0.3188978    
  0.3223841    
  0.3227980    
  0.3190462    
  0.3203180    
  0.3157083    
  0.3178381    
  0.3209151    
  0.3217383    
  0.3175772    
  0.3192584    
  0.3142393    
  0.3167784    
  0.3218322    
  0.3221737    
  0.3185218    
  0.3197110    
  0.3152114    
  0.3172483    
  0.3203747    
  0.3211212    
  0.3170643    
  0.3186585    
  0.3137539    
  0.3161958    
  0.3189174    
  0.3200686    
  0.3156070    
  0.3176059    
  0.3122966    
  0.3151432    
  0.3238532    
  0.3238577    
  0.3205152    
  0.3213778    
  0.3171773    
  0.3188978    
  0.3223841    
  0.3227980    
  0.3190462    
  0.3203180    
  0.3157083    
  0.3178381    
  0.3209151    
  0.3217383    
  0.3175772    
  0.3192584    
  0.3142393    
  0.3167784    
  0.3218322    
  0.3221737    
  0.3185218    
  0.3197110    
  0.3152114    
  0.3172483    
  0.3203747    
  0.3211212    
  0.3170643    
  0.3186585    
  0.3137539    
  0.3161958    
  0.3189174    
  0.3200686    
  0.3156070    
  0.3176059    
  0.3122966    
  0.3151432    
  0.4075131    
  0.4054920    
  0.4041752    
  0.4030121    
  0.4008373    
  0.4005321    
  0.4060440    
  0.4044323    
  0.4027061    
  0.4019524    
  0.3993682    
  0.3994724    
  0.4045750    
  0.4033727    
  0.4012371    
  0.4008927    
  0.3978992    
  0.3984127    
  0.4052091    
  0.4035690    
  0.4018987    
  0.4011062    
  0.3985883    
  0.3986436    
  0.4037516    
  0.4025163    
  0.4004413    
  0.4000537    
  0.3971308    
  0.3975910    
  0.4022942    
  0.4014638    
  0.3989839    
  0.3990012    
  0.3956735    
  0.3965384    
  0.4075131    
  0.4054920    
  0.4041752    
  0.4030121    
  0.4008373    
  0.4005321    
  0.4060440    
  0.4044323    
  0.4027061    
  0.4019524    
  0.3993682    
  0.3994724    
  0.4045750    
  0.4033727    
  0.4012371    
  0.4008927    
  0.3978992    
  0.3984127    
  0.4052091    
  0.4035690    
  0.4018987    
  0.4011062    
  0.3985883    
  0.3986436    
  0.4037516    
  0.4025163    
  0.4004413    
  0.4000537    
  0.3971308    
  0.3975910    
  0.4022942    
  0.4014638    
  0.3989839    
  0.3990012    
  0.3956735    
  0.3965384    
  0.4702580    
  0.4667177    
  0.4669201    
  0.4642378    
  0.4635822    
  0.4617577    
  0.4687890    
  0.4656581    
  0.4654511    
  0.4631780    
  0.4621132    
  0.4606981    
  0.4673199    
  0.4645984    
  0.4639820    
  0.4621184    
  0.4606441    
  0.4596384    
  0.4677417    
  0.4646153    
  0.4644313    
  0.4621527    
  0.4611209    
  0.4596900    
  0.4662843    
  0.4635628    
  0.4629739    
  0.4611001    
  0.4596635    
  0.4586374    
  0.4648269    
  0.4625102    
  0.4615165    
  0.4600475    
  0.4582061    
  0.4575848    
  0.4702580    
  0.4667177    
  0.4669201    
  0.4642378    
  0.4635822    
  0.4617577    
  0.4687890    
  0.4656581    
  0.4654511    
  0.4631780    
  0.4621132    
  0.4606981    
  0.4673199    
  0.4645984    
  0.4639820    
  0.4621184    
  0.4606441    
  0.4596384    
  0.4677417    
  0.4646153    
  0.4644313    
  0.4621527    
  0.4611209    
  0.4596900    
  0.4662843    
  0.4635628    
  0.4629739    
  0.4611001    
  0.4596635    
  0.4586374    
  0.4648269    
  0.4625102    
  0.4615165    
  0.4600475    
  0.4582061    
  0.4575848    
  0.5539179    
  0.5483520    
  0.5505800    
  0.5458720    
  0.5472420    
  0.5433919    
  0.5524489    
  0.5472924    
  0.5491109    
  0.5448123    
  0.5457730    
  0.5423323    
  0.5509799    
  0.5462327    
  0.5476419    
  0.5437527    
  0.5443040    
  0.5412726    
  0.5511186    
  0.5460105    
  0.5478081    
  0.5435479    
  0.5444978    
  0.5410851    
  0.5496610    
  0.5449580    
  0.5463507    
  0.5424953    
  0.5430404    
  0.5400325    
  0.5482037    
  0.5439054    
  0.5448933    
  0.5414428    
  0.5415829    
  0.5389800    
  0.5539179    
  0.5483520    
  0.5505800    
  0.5458720    
  0.5472420    
  0.5433919    
  0.5524489    
  0.5472924    
  0.5491109    
  0.5448123    
  0.5457730    
  0.5423323    
  0.5509799    
  0.5462327    
  0.5476419    
  0.5437527    
  0.5443040    
  0.5412726    
  0.5511186    
  0.5460105    
  0.5478081    
  0.5435479    
  0.5444978    
  0.5410851    
  0.5496610    
  0.5449580    
  0.5463507    
  0.5424953    
  0.5430404    
  0.5400325    
  0.5482037    
  0.5439054    
  0.5448933    
  0.5414428    
  0.5415829    
  0.5389800    
  0.3238532    
  0.3238577    
  0.3205152    
  0.3213778    
  0.3171773    
  0.3188978    
  0.3223841    
  0.3227980    
  0.3190462    
  0.3203180    
  0.3157083    
  0.3178381    
  0.3209151    
  0.3217383    
  0.3175772    
  0.3192584    
  0.3142393    
  0.3167784    
  0.3218322    
  0.3221737    
  0.3185218    
  0.3197110    
  0.3152114    
  0.3172483    
  0.3203747    
  0.3211212    
  0.3170643    
  0.3186585    
  0.3137539    
  0.3161958    
  0.3189174    
  0.3200686    
  0.3156070    
  0.3176059    
  0.3122966    
  0.3151432    
  0.3238532    
  0.3238577    
  0.3205152    
  0.3213778    
  0.3171773    
  0.3188978    
  0.3223841    
  0.3227980    
  0.3190462    
  0.3203180    
  0.3157083    
  0.3178381    
  0.3209151    
  0.3217383    
  0.3175772    
  0.3192584    
  0.3142393    
  0.3167784    
  0.3218322    
  0.3221737    
  0.3185218    
  0.3197110    
  0.3152114    
  0.3172483    
  0.3203747    
  0.3211212    
  0.3170643    
  0.3186585    
  0.3137539    
  0.3161958    
  0.3189174    
  0.3200686    
  0.3156070    
  0.3176059    
  0.3122966    
  0.3151432    
  0.4075131    
  0.4054920    
  0.4041752    
  0.4030121    
  0.4008373    
  0.4005321    
  0.4060440    
  0.4044323    
  0.4027061    
  0.4019524    
  0.3993682    
  0.3994724    
  0.4045750    
  0.4033727    
  0.4012371    
  0.4008927    
  0.3978992    
  0.3984127    
  0.4052091    
  0.4035690    
  0.4018987    
  0.4011062    
  0.3985883    
  0.3986436    
  0.4037516    
  0.4025163    
  0.4004413    
  0.4000537    
  0.3971308    
  0.3975910    
  0.4022942    
  0.4014638    
  0.3989839    
  0.3990012    
  0.3956735    
  0.3965384    
  0.4075131    
  0.4054920    
  0.4041752    
  0.4030121    
  0.4008373    
  0.4005321    
  0.4060440    
  0.4044323    
  0.4027061    
  0.4019524    
  0.3993682    
  0.3994724    
  0.4045750    
  0.4033727    
  0.4012371    
  0.4008927    
  0.3978992    
  0.3984127    
  0.4052091    
  0.4035690    
  0.4018987    
  0.4011062    
  0.3985883    
  0.3986436    
  0.4037516    
  0.4025163    
  0.4004413    
  0.4000537    
  0.3971308    
  0.3975910    
  0.4022942    
  0.4014638    
  0.3989839    
  0.3990012    
  0.3956735    
  0.3965384    
  0.4702580    
  0.4667177    
  0.4669201    
  0.4642378    
  0.4635822    
  0.4617577    
  0.4687890    
  0.4656581    
  0.4654511    
  0.4631780    
  0.4621132    
  0.4606981    
  0.4673199    
  0.4645984    
  0.4639820    
  0.4621184    
  0.4606441    
  0.4596384    
  0.4677417    
  0.4646153    
  0.4644313    
  0.4621527    
  0.4611209    
  0.4596900    
  0.4662843    
  0.4635628    
  0.4629739    
  0.4611001    
  0.4596635    
  0.4586374    
  0.4648269    
  0.4625102    
  0.4615165    
  0.4600475    
  0.4582061    
  0.4575848    
  0.4702580    
  0.4667177    
  0.4669201    
  0.4642378    
  0.4635822    
  0.4617577    
  0.4687890    
  0.4656581    
  0.4654511    
  0.4631780    
  0.4621132    
  0.4606981    
  0.4673199    
  0.4645984    
  0.4639820    
  0.4621184    
  0.4606441    
  0.4596384    
  0.4677417    
  0.4646153    
  0.4644313    
  0.4621527    
  0.4611209    
  0.4596900    
  0.4662843    
  0.4635628    
  0.4629739    
  0.4611001    
  0.4596635    
  0.4586374    
  0.4648269    
  0.4625102    
  0.4615165    
  0.4600475    
  0.4582061    
  0.4575848    
  0.5539179    
  0.5483520    
  0.5505800    
  0.5458720    
  0.5472420    
  0.5433919    
  0.5524489    
  0.5472924    
  0.5491109    
  0.5448123    
  0.5457730    
  0.5423323    
  0.5509799    
  0.5462327    
  0.5476419    
  0.5437527    
  0.5443040    
  0.5412726    
  0.5511186    
  0.5460105    
  0.5478081    
  0.5435479    
  0.5444978    
  0.5410851    
  0.5496610    
  0.5449580    
  0.5463507    
  0.5424953    
  0.5430404    
  0.5400325    
  0.5482037    
  0.5439054    
  0.5448933    
  0.5414428    
  0.5415829    
  0.5389800    
  0.5539179    
  0.5483520    
  0.5505800    
  0.5458720    
  0.5472420    
  0.5433919    
  0.5524489    
  0.5472924    
  0.5491109    
  0.5448123    
  0.5457730    
  0.5423323    
  0.5509799    
  0.5462327    
  0.5476419    
  0.5437527    
  0.5443040    
  0.5412726    
  0.5511186    
  0.5460105    
  0.5478081    
  0.5435479    
  0.5444978    
  0.5410851    
  0.5496610    
  0.5449580    
  0.5463507    
  0.5424953    
  0.5430404    
  0.5400325    
  0.5482037    
  0.5439054    
  0.5448933    
  0.5414428    
  0.5415829    
  0.5389800    
  0.3238532    
  0.3238577    
  0.3205152    
  0.3213778    
  0.3171773    
  0.3188978    
  0.3223841    
  0.3227980    
  0.3190462    
  0.3203180    
  0.3157083    
  0.3178381    
  0.3209151    
  0.3217383    
  0.3175772    
  0.3192584    
  0.3142393    
  0.3167784    
  0.3218322    
  0.3221737    
  0.3185218    
  0.3197110    
  0.3152114    
  0.3172483    
  0.3203747    
  0.3211212    
  0.3170643    
  0.3186585    
  0.3137539    
  0.3161958    
  0.3189174    
  0.3200686    
  0.3156070    
  0.3176059    
  0.3122966    
  0.3151432    
  0.3238532    
  0.3238577    
  0.3205152    
  0.3213778    
  0.3171773    
  0.3188978    
  0.3223841    
  0.3227980    
  0.3190462    
  0.3203180    
  0.3157083    
  0.3178381    
  0.3209151    
  0.3217383    
  0.3175772    
  0.3192584    
  0.3142393    
  0.3167784    
  0.3218322    
  0.3221737    
  0.3185218    
  0.3197110    
  0.3152114    
  0.3172483    
  0.3203747    
  0.3211212    
  0.3170643    
  0.3186585    
  0.3137539    
  0.3161958    
  0.3189174    
  0.3200686    
  0.3156070    
  0.3176059    
  0.3122966    
  0.3151432    
  0.4075131    
  0.4054920    
  0.4041752    
  0.4030121    
  0.4008373    
  0.4005321    
  0.4060440    
  0.4044323    
  0.4027061    
  0.4019524    
  0.3993682    
  0.3994724    
  0.4045750    
  0.4033727    
  0.4012371    
  0.4008927    
  0.3978992    
  0.3984127    
  0.4052091    
  0.4035690    
  0.4018987    
  0.4011062    
  0.3985883    
  0.3986436    
  0.4037516    
  0.4025163    
  0.4004413    
  0.4000537    
  0.3971308    
  0.3975910    
  0.4022942    
  0.4014638    
  0.3989839    
  0.3990012    
  0.3956735    
  0.3965384    
  0.4075131    
  0.4054920    
  0.4041752    
  0.4030121    
  0.4008373    
  0.4005321    
  0.4060440    
  0.4044323    
  0.4027061    
  0.4019524    
  0.3993682    
  0.3994724    
  0.4045750    
  0.4033727    
  0.4012371    
  0.4008927    
  0.3978992    
  0.3984127    
  0.4052091    
  0.4035690    
  0.4018987    
  0.4011062    
  0.3985883    
  0.3986436    
  0.4037516    
  0.4025163    
  0.4004413    
  0.4000537    
  0.3971308    
  0.3975910    
  0.4022942    
  0.4014638    
  0.3989839    
  0.3990012    
  0.3956735    
  0.3965384    
  0.4702580    
  0.4667177    
  0.4669201    
  0.4642378    
  0.4635822    
  0.4617577    
  0.4687890    
  0.4656581    
  0.4654511    
  0.4631780    
  0.4621132    
  0.4606981    
  0.4673199    
  0.4645984    
  0.4639820    
  0.4621184    
  0.4606441    
  0.4596384    
  0.4677417    
  0.4646153    
  0.4644313    
  0.4621527    
  0.4611209    
  0.4596900    
  0.4662843    
  0.4635628    
  0.4629739    
  0.4611001    
  0.4596635    
  0.4586374    
  0.4648269    
  0.4625102    
  0.4615165    
  0.4600475    
  0.4582061    
  0.4575848    
  0.4702580    
  0.4667177    
  0.4669201    
  0.4642378    
  0.4635822    
  0.4617577    
  0.4687890    
  0.4656581    
  0.4654511    
  0.4631780    
  0.4621132    
  0.4606981    
  0.4673199    
  0.4645984    
  0.4639820    
  0.4621184    
  0.4606441    
  0.4596384    
  0.4677417    
  0.4646153    
  0.4644313    
  0.4621527    
  0.4611209    
  0.4596900    
  0.4662843    
  0.4635628    
  0.4629739    
  0.4611001    
  0.4596635    
  0.4586374    
  0.4648269    
  0.4625102    
  0.4615165    
  0.4600475    
  0.4582061    
  0.4575848    
  0.5539179    
  0.5483520    
  0.5505800    
  0.5458720    
  0.5472420    
  0.5433919    
  0.5524489    
  0.5472924    
  0.5491109    
  0.5448123    
  0.5457730    
  0.5423323    
  0.5509799    
  0.5462327    
  0.5476419    
  0.5437527    
  0.5443040    
  0.5412726    
  0.5511186    
  0.5460105    
  0.5478081    
  0.5435479    
  0.5444978    
  0.5410851    
  0.5496610    
  0.5449580    
  0.5463507    
  0.5424953    
  0.5430404    
  0.5400325    
  0.5482037    
  0.5439054    
  0.5448933    
  0.5414428    
  0.5415829    
  0.5389800    
  0.5539179    
  0.5483520    
  0.5505800    
  0.5458720    
  0.5472420    
  0.5433919    
  0.5524489    
  0.5472924    
  0.5491109    
  0.5448123    
  0.5457730    
  0.5423323    
  0.5509799    
  0.5462327    
  0.5476419    
  0.5437527    
  0.5443040    
  0.5412726    
  0.5511186    
  0.5460105    
  0.5478081    
  0.5435479    
  0.5444978    
  0.5410851    
  0.5496610    
  0.5449580    
  0.5463507    
  0.5424953    
  0.5430404    
  0.5400325    
  0.5482037    
  0.5439054    
  0.5448933    
  0.5414428    
  0.5415829    
  0.5389800    
  0.3238532    
  0.3238577    
  0.3205152    
  0.3213778    
  0.3171773    
  0.3188978    
  0.3223841    
  0.3227980    
  0.3190462    
  0.3203180    
  0.3157083    
  0.3178381    
  0.3209151    
  0.3217383    
  0.3175772    
  0.3192584    
  0.3142393    
  0.3167784    
  0.3218322    
  0.3221737    
  0.3185218    
  0.3197110    
  0.3152114    
  0.3172483    
  0.3203747    
  0.3211212    
  0.3170643    
  0.3186585    
  0.3137539    
  0.3161958    
  0.3189174    
  0.3200686    
  0.3156070    
  0.3176059    
  0.3122966    
  0.3151432    
  0.3238532    
  0.3238577    
  0.3205152    
  0.3213778    
  0.3171773    
  0.3188978    
  0.3223841    
  0.3227980    
  0.3190462    
  0.3203180    
  0.3157083    
  0.3178381    
  0.3209151    
  0.3217383    
  0.3175772    
  0.3192584    
  0.3142393    
  0.3167784    
  0.3218322    
  0.3221737    
  0.3185218    
  0.3197110    
  0.3152114    
  0.3172483    
  0.3203747    
  0.3211212    
  0.3170643    
  0.3186585    
  0.3137539    
  0.3161958    
  0.3189174    
  0.3200686    
  0.3156070    
  0.3176059    
  0.3122966    
  0.3151432    
  0.4075131    
  0.4054920    
  0.4041752    
  0.4030121    
  0.4008373    
  0.4005321    
  0.4060440    
  0.4044323    
  0.4027061    
  0.4019524    
  0.3993682    
  0.3994724    
  0.4045750    
  0.4033727    
  0.4012371    
  0.4008927    
  0.3978992    
  0.3984127    
  0.4052091    
  0.4035690    
  0.4018987    
  0.4011062    
  0.3985883    
  0.3986436    
  0.4037516    
  0.4025163    
  0.4004413    
  0.4000537    
  0.3971308    
  0.3975910    
  0.4022942    
  0.4014638    
  0.3989839    
  0.3990012    
  0.3956735    
  0.3965384    
  0.4075131    
  0.4054920    
  0.4041752    
  0.4030121    
  0.4008373    
  0.4005321    
  0.4060440    
  0.4044323    
  0.4027061    
  0.4019524    
  0.3993682    
  0.3994724    
  0.4045750    
  0.4033727    
  0.4012371    
  0.4008927    
  0.3978992    
  0.3984127    
  0.4052091    
  0.4035690    
  0.4018987    
  0.4011062    
  0.3985883    
  0.3986436    
  0.4037516    
  0.4025163    
  0.4004413    
  0.4000537    
  0.3971308    
  0.3975910    
  0.4022942    
  0.4014638    
  0.3989839    
  0.3990012    
  0.3956735    
  0.3965384    
  0.4702580    
  0.4667177    
  0.4669201    
  0.4642378    
  0.4635822    
  0.4617577    
  0.4687890    
  0.4656581    
  0.4654511    
  0.4631780    
  0.4621132    
  0.4606981    
  0.4673199    
  0.4645984    
  0.4639820    
  0.4621184    
  0.4606441    
  0.4596384    
  0.4677417    
  0.4646153    
  0.4644313    
  0.4621527    
  0.4611209    
  0.4596900    
  0.4662843    
  0.4635628    
  0.4629739    
  0.4611001    
  0.4596635    
  0.4586374    
  0.4648269    
  0.4625102    
  0.4615165    
  0.4600475    
  0.4582061    
  0.4575848    
  0.4702580    
  0.4667177    
  0.4669201    
  0.4642378    
  0.4635822    
  0.4617577    
  0.4687890    
  0.4656581    
  0.4654511    
  0.4631780    
  0.4621132    
  0.4606981    
  0.4673199    
  0.4645984    
  0.4639820    
  0.4621184    
  0.4606441    
  0.4596384    
  0.4677417    
  0.4646153    
  0.4644313    
  0.4621527    
  0.4611209    
  0.4596900    
  0.4662843    
  0.4635628    
  0.4629739    
  0.4611001    
  0.4596635    
  0.4586374    
  0.4648269    
  0.4625102    
  0.4615165    
  0.4600475    
  0.4582061    
  0.4575848    
  0.5539179    
  0.5483520    
  0.5505800    
  0.5458720    
  0.5472420    
  0.5433919    
  0.5524489    
  0.5472924    
  0.5491109    
  0.5448123    
  0.5457730    
  0.5423323    
  0.5509799    
  0.5462327    
  0.5476419    
  0.5437527    
  0.5443040    
  0.5412726    
  0.5511186    
  0.5460105    
  0.5478081    
  0.5435479    
  0.5444978    
  0.5410851    
  0.5496610    
  0.5449580    
  0.5463507    
  0.5424953    
  0.5430404    
  0.5400325    
  0.5482037    
  0.5439054    
  0.5448933    
  0.5414428    
  0.5415829    
  0.5389800    
  0.5539179    
  0.5483520    
  0.5505800    
  0.5458720    
  0.5472420    
  0.5433919    
  0.5524489    
  0.5472924    
  0.5491109    
  0.5448123    
  0.5457730    
  0.5423323    
  0.5509799    
  0.5462327    
  0.5476419    
  0.5437527    
  0.5443040    
  0.5412726    
  0.5511186    
  0.5460105    
  0.5478081    
  0.5435479    
  0.5444978    
  0.5410851    
  0.5496610    
  0.5449580    
  0.5463507    
  0.5424953    
  0.5430404    
  0.5400325    
  0.5482037    
  0.5439054    
  0.5448933    
  0.5414428    
  0.5415829    
  0.5389800    
  0.3238532    
  0.3238577    
  0.3205152    
  0.3213778    
  0.3171773    
  0.3188978    
  0.3223841    
  0.3227980    
  0.3190462    
  0.3203180    
  0.3157083    
  0.3178381    
  0.3209151    
  0.3217383    
  0.3175772    
  0.3192584    
  0.3142393    
  0.3167784    
  0.3218322    
  0.3221737    
  0.3185218    
  0.3197110    
  0.3152114    
  0.3172483    
  0.3203747    
  0.3211212    
  0.3170643    
  0.3186585    
  0.3137539    
  0.3161958    
  0.3189174    
  0.3200686    
  0.3156070    
  0.3176059    
  0.3122966    
  0.3151432    
  0.3238532    
  0.3238577    
  0.3205152    
  0.3213778    
  0.3171773    
  0.3188978    
  0.3223841    
  0.3227980    
  0.3190462    
  0.3203180    
  0.3157083    
  0.3178381    
  0.3209151    
  0.3217383    
  0.3175772    
  0.3192584    
  0.3142393    
  0.3167784    
  0.3218322    
  0.3221737    
  0.3185218    
  0.3197110    
  0.3152114    
  0.3172483    
  0.3203747    
  0.3211212    
  0.3170643    
  0.3186585    
  0.3137539    
  0.3161958    
  0.3189174    
  0.3200686    
  0.3156070    
  0.3176059    
  0.3122966    
  0.3151432    
  0.4075131    
  0.4054920    
  0.4041752    
  0.4030121    
  0.4008373    
  0.4005321    
  0.4060440    
  0.4044323    
  0.4027061    
  0.4019524    
  0.3993682    
  0.3994724    
  0.4045750    
  0.4033727    
  0.4012371    
  0.4008927    
  0.3978992    
  0.3984127    
  0.4052091    
  0.4035690    
  0.4018987    
  0.4011062    
  0.3985883    
  0.3986436    
  0.4037516    
  0.4025163    
  0.4004413    
  0.4000537    
  0.3971308    
  0.3975910    
  0.4022942    
  0.4014638    
  0.3989839    
  0.3990012    
  0.3956735    
  0.3965384    
  0.4075131    
  0.4054920    
  0.4041752    
  0.4030121    
  0.4008373    
  0.4005321    
  0.4060440    
  0.4044323    
  0.4027061    
  0.4019524    
  0.3993682    
  0.3994724    
  0.4045750    
  0.4033727    
  0.4012371    
  0.4008927    
  0.3978992    
  0.3984127    
  0.4052091    
  0.4035690    
  0.4018987    
  0.4011062    
  0.3985883    
  0.3986436    
  0.4037516    
  0.4025163    
  0.4004413    
  0.4000537    
  0.3971308    
  0.3975910    
  0.4022942    
  0.4014638    
  0.3989839    
  0.3990012    
  0.3956735    
  0.3965384    
  0.4702580    
  0.4667177    
  0.4669201    
  0.4642378    
  0.4635822    
  0.4617577    
  0.4687890    
  0.4656581    
  0.4654511    
  0.4631780    
  0.4621132    
  0.4606981    
  0.4673199    
  0.4645984    
  0.4639820    
  0.4621184    
  0.4606441    
  0.4596384    
  0.4677417    
  0.4646153    
  0.4644313    
  0.4621527    
  0.4611209    
  0.4596900    
  0.4662843    
  0.4635628    
  0.4629739    
  0.4611001    
  0.4596635    
  0.4586374    
  0.4648269    
  0.4625102    
  0.4615165    
  0.4600475    
  0.4582061    
  0.4575848    
  0.4702580    
  0.4667177    
  0.4669201    
  0.4642378    
  0.4635822    
  0.4617577    
  0.4687890    
  0.4656581    
  0.4654511    
  0.4631780    
  0.4621132    
  0.4606981    
  0.4673199    
  0.4645984    
  0.4639820    
  0.4621184    
  0.4606441    
  0.4596384    
  0.4677417    
  0.4646153    
  0.4644313    
  0.4621527    
  0.4611209    
  0.4596900    
  0.4662843    
  0.4635628    
  0.4629739    
  0.4611001    
  0.4596635    
  0.4586374    
  0.4648269    
  0.4625102    
  0.4615165    
  0.4600475    
  0.4582061    
  0.4575848    
  0.5539179    
  0.5483520    
  0.5505800    
  0.5458720    
  0.5472420    
  0.5433919    
  0.5524489    
  0.5472924    
  0.5491109    
  0.5448123    
  0.5457730    
  0.5423323    
  0.5509799    
  0.5462327    
  0.5476419    
  0.5437527    
  0.5443040    
  0.5412726    
  0.5511186    
  0.5460105    
  0.5478081    
  0.5435479    
  0.5444978    
  0.5410851    
  0.5496610    
  0.5449580    
  0.5463507    
  0.5424953    
  0.5430404    
  0.5400325    
  0.5482037    
  0.5439054    
  0.5448933    
  0.5414428    
  0.5415829    
  0.5389800    
  0.5539179    
  0.5483520    
  0.5505800    
  0.5458720    
  0.5472420    
  0.5433919    
  0.5524489    
  0.5472924    
  0.5491109    
  0.5448123    
  0.5457730    
  0.5423323    
  0.5509799    
  0.5462327    
  0.5476419    
  0.5437527    
  0.5443040    
  0.5412726    
  0.5511186    
  0.5460105    
  0.5478081    
  0.5435479    
  0.5444978    
  0.5410851    
  0.5496610    
  0.5449580    
  0.5463507    
  0.5424953    
  0.5430404    
  0.5400325    
  0.5482037    
  0.5439054    
  0.5448933    
  0.5414428    
  0.5415829    
  0.5389800    
  0.3238532    
  0.3238577    
  0.3205152    
  0.3213778    
  0.3171773    
  0.3188978    
  0.3223841    
  0.3227980    
  0.3190462    
  0.3203180    
  0.3157083    
  0.3178381    
  0.3209151    
  0.3217383    
  0.3175772    
  0.3192584    
  0.3142393    
  0.3167784    
  0.3218322    
  0.3221737    
  0.3185218    
  0.3197110    
  0.3152114    
  0.3172483    
  0.3203747    
  0.3211212    
  0.3170643    
  0.3186585    
  0.3137539    
  0.3161958    
  0.3189174    
  0.3200686    
  0.3156070    
  0.3176059    
  0.3122966    
  0.3151432    
  0.3238532    
  0.3238577    
  0.3205152    
  0.3213778    
  0.3171773    
  0.3188978    
  0.3223841    
  0.3227980    
  0.3190462    
  0.3203180    
  0.3157083    
  0.3178381    
  0.3209151    
  0.3217383    
  0.3175772    
  0.3192584    
  0.3142393    
  0.3167784    
  0.3218322    
  0.3221737    
  0.3185218    
  0.3197110    
  0.3152114    
  0.3172483    
  0.3203747    
  0.3211212    
  0.3170643    
  0.3186585    
  0.3137539    
  0.3161958    
  0.3189174    
  0.3200686    
  0.3156070    
  0.3176059    
  0.3122966    
  0.3151432    
  0.4075131    
  0.4054920    
  0.4041752    
  0.4030121    
  0.4008373    
  0.4005321    
  0.4060440    
  0.4044323    
  0.4027061    
  0.4019524    
  0.3993682    
  0.3994724    
  0.4045750    
  0.4033727    
  0.4012371    
  0.4008927    
  0.3978992    
  0.3984127    
  0.4052091    
  0.4035690    
  0.4018987    
  0.4011062    
  0.3985883    
  0.3986436    
  0.4037516    
  0.4025163    
  0.4004413    
  0.4000537    
  0.3971308    
  0.3975910    
  0.4022942    
  0.4014638    
  0.3989839    
  0.3990012    
  0.3956735    
  0.3965384    
  0.4075131    
  0.4054920    
  0.4041752    
  0.4030121    
  0.4008373    
  0.4005321    
  0.4060440    
  0.4044323    
  0.4027061    
  0.4019524    
  0.3993682    
  0.3994724    
  0.4045750    
  0.4033727    
  0.4012371    
  0.4008927    
  0.3978992    
  0.3984127    
  0.4052091    
  0.4035690    
  0.4018987    
  0.4011062    
  0.3985883    
  0.3986436    
  0.4037516    
  0.4025163    
  0.4004413    
  0.4000537    
  0.3971308    
  0.3975910    
  0.4022942    
  0.4014638    
  0.3989839    
  0.3990012    
  0.3956735    
  0.3965384    
  0.4702580    
  0.4667177    
  0.4669201    
  0.4642378    
  0.4635822    
  0.4617577    
  0.4687890    
  0.4656581    
  0.4654511    
  0.4631780    
  0.4621132    
  0.4606981    
  0.4673199    
  0.4645984    
  0.4639820    
  0.4621184    
  0.4606441    
  0.4596384    
  0.4677417    
  0.4646153    
  0.4644313    
  0.4621527    
  0.4611209    
  0.4596900    
  0.4662843    
  0.4635628    
  0.4629739    
  0.4611001    
  0.4596635    
  0.4586374    
  0.4648269    
  0.4625102    
  0.4615165    
  0.4600475    
  0.4582061    
  0.4575848    
  0.4702580    
  0.4667177    
  0.4669201    
  0.4642378    
  0.4635822    
  0.4617577    
  0.4687890    
  0.4656581    
  0.4654511    
  0.4631780    
  0.4621132    
  0.4606981    
  0.4673199    
  0.4645984    
  0.4639820    
  0.4621184    
  0.4606441    
  0.4596384    
  0.4677417    
  0.4646153    
  0.4644313    
  0.4621527    
  0.4611209    
  0.4596900    
  0.4662843    
  0.4635628    
  0.4629739    
  0.4611001    
  0.4596635    
  0.4586374    
  0.4648269    
  0.4625102    
  0.4615165    
  0.4600475    
  0.4582061    
  0.4575848    
  0.5539179    
  0.5483520    
  0.5505800    
  0.5458720    
  0.5472420    
  0.5433919    
  0.5524489    
  0.5472924    
  0.5491109    
  0.5448123    
  0.5457730    
  0.5423323    
  0.5509799    
  0.5462327    
  0.5476419    
  0.5437527    
  0.5443040    
  0.5412726    
  0.5511186    
  0.5460105    
  0.5478081    
  0.5435479    
  0.5444978    
  0.5410851    
  0.5496610    
  0.5449580    
  0.5463507    
  0.5424953    
  0.5430404    
  0.5400325    
  0.5482037    
  0.5439054    
  0.5448933    
  0.5414428    
  0.5415829    
  0.5389800    
  0.5539179    
  0.5483520    
  0.5505800    
  0.5458720    
  0.5472420    
  0.5433919    
  0.5524489    
  0.5472924    
  0.5491109    
  0.5448123    
  0.5457730    
  0.5423323    
  0.5509799    
  0.5462327    
  0.5476419    
  0.5437527    
  0.5443040    
  0.5412726    
  0.5511186    
  0.5460105    
  0.5478081    
  0.5435479    
  0.5444978    
  0.5410851    
  0.5496610    
  0.5449580    
  0.5463507    
  0.5424953    
  0.5430404    
  0.5400325    
  0.5482037    
  0.5439054    
  0.5448933    
  0.5414428    
  0.5415829    
  0.5389800    
  0.3238532    
  0.3238577    
  0.3205152    
  0.3213778    
  0.3171773    
  0.3188978    
  0.3223841    
  0.3227980    
  0.3190462    
  0.3203180    
  0.3157083    
  0.3178381    
  0.3209151    
  0.3217383    
  0.3175772    
  0.3192584    
  0.3142393    
  0.3167784    
  0.3218322    
  0.3221737    
  0.3185218    
  0.3197110    
  0.3152114    
  0.3172483    
  0.3203747    
  0.3211212    
  0.3170643    
  0.3186585    
  0.3137539    
  0.3161958    
  0.3189174    
  0.3200686    
  0.3156070    
  0.3176059    
  0.3122966    
  0.3151432    
  0.3238532    
  0.3238577    
  0.3205152    
  0.3213778    
  0.3171773    
  0.3188978    
  0.3223841    
  0.3227980    
  0.3190462    
  0.3203180    
  0.3157083    
  0.3178381    
  0.3209151    
  0.3217383    
  0.3175772    
  0.3192584    
  0.3142393    
  0.3167784    
  0.3218322    
  0.3221737    
  0.3185218    
  0.3197110    
  0.3152114    
  0.3172483    
  0.3203747    
  0.3211212    
  0.3170643    
  0.3186585    
  0.3137539    
  0.3161958    
  0.3189174    
  0.3200686    
  0.3156070    
  0.3176059    
  0.3122966    
  0.3151432    
  0.4075131    
  0.4054920    
  0.4041752    
  0.4030121    
  0.4008373    
  0.4005321    
  0.4060440    
  0.4044323    
  0.4027061    
  0.4019524    
  0.3993682    
  0.3994724    
  0.4045750    
  0.4033727    
  0.4012371    
  0.4008927    
  0.3978992    
  0.3984127    
  0.4052091    
  0.4035690    
  0.4018987    
  0.4011062    
  0.3985883    
  0.3986436    
  0.4037516    
  0.4025163    
  0.4004413    
  0.4000537    
  0.3971308    
  0.3975910    
  0.4022942    
  0.4014638    
  0.3989839    
  0.3990012    
  0.3956735    
  0.3965384    
  0.4075131    
  0.4054920    
  0.4041752    
  0.4030121    
  0.4008373    
  0.4005321    
  0.4060440    
  0.4044323    
  0.4027061    
  0.4019524    
  0.3993682    
  0.3994724    
  0.4045750    
  0.4033727    
  0.4012371    
  0.4008927    
  0.3978992    
  0.3984127    
  0.4052091    
  0.4035690    
  0.4018987    
  0.4011062    
  0.3985883    
  0.3986436    
  0.4037516    
  0.4025163    
  0.4004413    
  0.4000537    
  0.3971308    
  0.3975910    
  0.4022942    
  0.4014638    
  0.3989839    
  0.3990012    
  0.3956735    
  0.3965384    
  0.4702580    
  0.4667177    
  0.4669201    
  0.4642378    
  0.4635822    
  0.4617577    
  0.4687890    
  0.4656581    
  0.4654511    
  0.4631780    
  0.4621132    
  0.4606981    
  0.4673199    
  0.4645984    
  0.4639820    
  0.4621184    
  0.4606441    
  0.4596384    
  0.4677417    
  0.4646153    
  0.4644313    
  0.4621527    
  0.4611209    
  0.4596900    
  0.4662843    
  0.4635628    
  0.4629739    
  0.4611001    
  0.4596635    
  0.4586374    
  0.4648269    
  0.4625102    
  0.4615165    
  0.4600475    
  0.4582061    
  0.4575848    
  0.4702580    
  0.4667177    
  0.4669201    
  0.4642378    
  0.4635822    
  0.4617577    
  0.4687890    
  0.4656581    
  0.4654511    
  0.4631780    
  0.4621132    
  0.4606981    
  0.4673199    
  0.4645984    
  0.4639820    
  0.4621184    
  0.4606441    
  0.4596384    
  0.4677417    
  0.4646153    
  0.4644313    
  0.4621527    
  0.4611209    
  0.4596900    
  0.4662843    
  0.4635628    
  0.4629739    
  0.4611001    
  0.4596635    
  0.4586374    
  0.4648269    
  0.4625102    
  0.4615165    
  0.4600475    
  0.4582061    
  0.4575848    
  0.5539179    
  0.5483520    
  0.5505800    
  0.5458720    
  0.5472420    
  0.5433919    
  0.5524489    
  0.5472924    
  0.5491109    
  0.5448123    
  0.5457730    
  0.5423323    
  0.5509799    
  0.5462327    
  0.5476419    
  0.5437527    
  0.5443040    
  0.5412726    
  0.5511186    
  0.5460105    
  0.5478081    
  0.5435479    
  0.5444978    
  0.5410851    
  0.5496610    
  0.5449580    
  0.5463507    
  0.5424953    
  0.5430404    
  0.5400325    
  0.5482037    
  0.5439054    
  0.5448933    
  0.5414428    
  0.5415829    
  0.5389800    
  0.5539179    
  0.5483520    
  0.5505800    
  0.5458720    
  0.5472420    
  0.5433919    
  0.5524489    
  0.5472924    
  0.5491109    
  0.5448123    
  0.5457730    
  0.5423323    
  0.5509799    
  0.5462327    
  0.5476419    
  0.5437527    
  0.5443040    
  0.5412726    
  0.5511186    
  0.5460105    
  0.5478081    
  0.5435479    
  0.5444978    
  0.5410851    
  0.5496610    
  0.5449580    
  0.5463507    
  0.5424953    
  0.5430404    
  0.5400325    
  0.5482037    
  0.5439054    
  0.5448933    
  0.5414428    
  0.5415829    
  0.5389800    
  0.3238532    
  0.3238577    
  0.3205152    
  0.3213778    
  0.3171773    
  0.3188978    
  0.3223841    
  0.3227980    
  0.3190462    
  0.3203180    
  0.3157083    
  0.3178381    
  0.3209151    
  0.3217383    
  0.3175772    
  0.3192584    
  0.3142393    
  0.3167784    
  0.3218322    
  0.3221737    
  0.3185218    
  0.3197110    
  0.3152114    
  0.3172483    
  0.3203747    
  0.3211212    
  0.3170643    
  0.3186585    
  0.3137539    
  0.3161958    
  0.3189174    
  0.3200686    
  0.3156070    
  0.3176059    
  0.3122966    
  0.3151432    
  0.3238532    
  0.3238577    
  0.3205152    
  0.3213778    
  0.3171773    
  0.3188978    
  0.3223841    
  0.3227980    
  0.3190462    
  0.3203180    
  0.3157083    
  0.3178381    
  0.3209151    
  0.3217383    
  0.3175772    
  0.3192584    
  0.3142393    
  0.3167784    
  0.3218322    
  0.3221737    
  0.3185218    
  0.3197110    
  0.3152114    
  0.3172483    
  0.3203747    
  0.3211212    
  0.3170643    
  0.3186585    
  0.3137539    
  0.3161958    
  0.3189174    
  0.3200686    
  0.3156070    
  0.3176059    
  0.3122966    
  0.3151432    
  0.4075131    
  0.4054920    
  0.4041752    
  0.4030121    
  0.4008373    
  0.4005321    
  0.4060440    
  0.4044323    
  0.4027061    
  0.4019524    
  0.3993682    
  0.3994724    
  0.4045750    
  0.4033727    
  0.4012371    
  0.4008927    
  0.3978992    
  0.3984127    
  0.4052091    
  0.4035690    
  0.4018987    
  0.4011062    
  0.3985883    
  0.3986436    
  0.4037516    
  0.4025163    
  0.4004413    
  0.4000537    
  0.3971308    
  0.3975910    
  0.4022942    
  0.4014638    
  0.3989839    
  0.3990012    
  0.3956735    
  0.3965384    
  0.4075131    
  0.4054920    
  0.4041752    
  0.4030121    
  0.4008373    
  0.4005321    
  0.4060440    
  0.4044323    
  0.4027061    
  0.4019524    
  0.3993682    
  0.3994724    
  0.4045750    
  0.4033727    
  0.4012371    
  0.4008927    
  0.3978992    
  0.3984127    
  0.4052091    
  0.4035690    
  0.4018987    
  0.4011062    
  0.3985883    
  0.3986436    
  0.4037516    
  0.4025163    
  0.4004413    
  0.4000537    
  0.3971308    
  0.3975910    
  0.4022942    
  0.4014638    
  0.3989839    
  0.3990012    
  0.3956735    
  0.3965384    
  0.4702580    
  0.4667177    
  0.4669201    
  0.4642378    
  0.4635822    
  0.4617577    
  0.4687890    
  0.4656581    
  0.4654511    
  0.4631780    
  0.4621132    
  0.4606981    
  0.4673199    
  0.4645984    
  0.4639820    
  0.4621184    
  0.4606441    
  0.4596384    
  0.4677417    
  0.4646153    
  0.4644313    
  0.4621527    
  0.4611209    
  0.4596900    
  0.4662843    
  0.4635628    
  0.4629739    
  0.4611001    
  0.4596635    
  0.4586374    
  0.4648269    
  0.4625102    
  0.4615165    
  0.4600475    
  0.4582061    
  0.4575848    
  0.4702580    
  0.4667177    
  0.4669201    
  0.4642378    
  0.4635822    
  0.4617577    
  0.4687890    
  0.4656581    
  0.4654511    
  0.4631780    
  0.4621132    
  0.4606981    
  0.4673199    
  0.4645984    
  0.4639820    
  0.4621184    
  0.4606441    
  0.4596384    
  0.4677417    
  0.4646153    
  0.4644313    
  0.4621527    
  0.4611209    
  0.4596900    
  0.4662843    
  0.4635628    
  0.4629739    
  0.4611001    
  0.4596635    
  0.4586374    
  0.4648269    
  0.4625102    
  0.4615165    
  0.4600475    
  0.4582061    
  0.4575848    
  0.5539179    
  0.5483520    
  0.5505800    
  0.5458720    
  0.5472420    
  0.5433919    
  0.5524489    
  0.5472924    
  0.5491109    
  0.5448123    
  0.5457730    
  0.5423323    
  0.5509799    
  0.5462327    
  0.5476419    
  0.5437527    
  0.5443040    
  0.5412726    
  0.5511186    
  0.5460105    
  0.5478081    
  0.5435479    
  0.5444978    
  0.5410851    
  0.5496610    
  0.5449580    
  0.5463507    
  0.5424953    
  0.5430404    
  0.5400325    
  0.5482037    
  0.5439054    
  0.5448933    
  0.5414428    
  0.5415829    
  0.5389800    
  0.5539179    
  0.5483520    
  0.5505800    
  0.5458720    
  0.5472420    
  0.5433919    
  0.5524489    
  0.5472924    
  0.5491109    
  0.5448123    
  0.5457730    
  0.5423323    
  0.5509799    
  0.5462327    
  0.5476419    
  0.5437527    
  0.5443040    
  0.5412726    
  0.5511186    
  0.5460105    
  0.5478081    
  0.5435479    
  0.5444978    
  0.5410851    
  0.5496610    
  0.5449580    
  0.5463507    
  0.5424953    
  0.5430404    
  0.5400325    
  0.5482037    
  0.5439054    
  0.5448933    
  0.5414428    
  0.5415829    
  0.5389800    
  0.3238532    
  0.3238577    
  0.3205152    
  0.3213778    
  0.3171773    
  0.3188978    
  0.3223841    
  0.3227980    
  0.3190462    
  0.3203180    
  0.3157083    
  0.3178381    
  0.3209151    
  0.3217383    
  0.3175772    
  0.3192584    
  0.3142393    
  0.3167784    
  0.3218322    
  0.3221737    
  0.3185218    
  0.3197110    
  0.3152114    
  0.3172483    
  0.3203747    
  0.3211212    
  0.3170643    
  0.3186585    
  0.3137539    
  0.3161958    
  0.3189174    
  0.3200686    
  0.3156070    
  0.3176059    
  0.3122966    
  0.3151432    
  0.3238532    
  0.3238577    
  0.3205152    
  0.3213778    
  0.3171773    
  0.3188978    
  0.3223841    
  0.3227980    
  0.3190462    
  0.3203180    
  0.3157083    
  0.3178381    
  0.3209151    
  0.3217383    
  0.3175772    
  0.3192584    
  0.3142393    
  0.3167784    
  0.3218322    
  0.3221737    
  0.3185218    
  0.3197110    
  0.3152114    
  0.3172483    
  0.3203747    
  0.3211212    
  0.3170643    
  0.3186585    
  0.3137539    
  0.3161958    
  0.3189174    
  0.3200686    
  0.3156070    
  0.3176059    
  0.3122966    
  0.3151432    
  0.4075131    
  0.4054920    
  0.4041752    
  0.4030121    
  0.4008373    
  0.4005321    
  0.4060440    
  0.4044323    
  0.4027061    
  0.4019524    
  0.3993682    
  0.3994724    
  0.4045750    
  0.4033727    
  0.4012371    
  0.4008927    
  0.3978992    
  0.3984127    
  0.4052091    
  0.4035690    
  0.4018987    
  0.4011062    
  0.3985883    
  0.3986436    
  0.4037516    
  0.4025163    
  0.4004413    
  0.4000537    
  0.3971308    
  0.3975910    
  0.4022942    
  0.4014638    
  0.3989839    
  0.3990012    
  0.3956735    
  0.3965384    
  0.4075131    
  0.4054920    
  0.4041752    
  0.4030121    
  0.4008373    
  0.4005321    
  0.4060440    
  0.4044323    
  0.4027061    
  0.4019524    
  0.3993682    
  0.3994724    
  0.4045750    
  0.4033727    
  0.4012371    
  0.4008927    
  0.3978992    
  0.3984127    
  0.4052091    
  0.4035690    
  0.4018987    
  0.4011062    
  0.3985883    
  0.3986436    
  0.4037516    
  0.4025163    
  0.4004413    
  0.4000537    
  0.3971308    
  0.3975910    
  0.4022942    
  0.4014638    
  0.3989839    
  0.3990012    
  0.3956735    
  0.3965384    
  0.4702580    
  0.4667177    
  0.4669201    
  0.4642378    
  0.4635822    
  0.4617577    
  0.4687890    
  0.4656581    
  0.4654511    
  0.4631780    
  0.4621132    
  0.4606981    
  0.4673199    
  0.4645984    
  0.4639820    
  0.4621184    
  0.4606441    
  0.4596384    
  0.4677417    
  0.4646153    
  0.4644313    
  0.4621527    
  0.4611209    
  0.4596900    
  0.4662843    
  0.4635628    
  0.4629739    
  0.4611001    
  0.4596635    
  0.4586374    
  0.4648269    
  0.4625102    
  0.4615165    
  0.4600475    
  0.4582061    
  0.4575848    
  0.4702580    
  0.4667177    
  0.4669201    
  0.4642378    
  0.4635822    
  0.4617577    
  0.4687890    
  0.4656581    
  0.4654511    
  0.4631780    
  0.4621132    
  0.4606981    
  0.4673199    
  0.4645984    
  0.4639820    
  0.4621184    
  0.4606441    
  0.4596384    
  0.4677417    
  0.4646153    
  0.4644313    
  0.4621527    
  0.4611209    
  0.4596900    
  0.4662843    
  0.4635628    
  0.4629739    
  0.4611001    
  0.4596635    
  0.4586374    
  0.4648269    
  0.4625102    
  0.4615165    
  0.4600475    
  0.4582061    
  0.4575848    
  0.5539179    
  0.5483520    
  0.5505800    
  0.5458720    
  0.5472420    
  0.5433919    
  0.5524489    
  0.5472924    
  0.5491109    
  0.5448123    
  0.5457730    
  0.5423323    
  0.5509799    
  0.5462327    
  0.5476419    
  0.5437527    
  0.5443040    
  0.5412726    
  0.5511186    
  0.5460105    
  0.5478081    
  0.5435479    
  0.5444978    
  0.5410851    
  0.5496610    
  0.5449580    
  0.5463507    
  0.5424953    
  0.5430404    
  0.5400325    
  0.5482037    
  0.5439054    
  0.5448933    
  0.5414428    
  0.5415829    
  0.5389800    
  0.5539179    
  0.5483520    
  0.5505800    
  0.5458720    
  0.5472420    
  0.5433919    
  0.5524489    
  0.5472924    
  0.5491109    
  0.5448123    
  0.5457730    
  0.5423323    
  0.5509799    
  0.5462327    
  0.5476419    
  0.5437527    
  0.5443040    
  0.5412726    
  0.5511186    
  0.5460105    
  0.5478081    
  0.5435479    
  0.5444978    
  0.5410851    
  0.5496610    
  0.5449580    
  0.5463507    
  0.5424953    
  0.5430404    
  0.5400325    
  0.5482037    
  0.5439054    
  0.5448933    
  0.5414428    
  0.5415829    
  0.5389800    
