  0.3305520    
  0.3341892    
  0.3262237    
  0.3305393    
  0.3218954    
  0.3268895    
  0.3286514    
  0.3326232    
  0.3243231    
  0.3289733    
  0.3199947    
  0.3253234    
  0.3267508    
  0.3310571    
  0.3224224    
  0.3274072    
  0.3180941    
  0.3237574    
  0.3305520    
  0.3341892    
  0.3262237    
  0.3305393    
  0.3218954    
  0.3268895    
  0.3286514    
  0.3326232    
  0.3243231    
  0.3289733    
  0.3199947    
  0.3253234    
  0.3267508    
  0.3310571    
  0.3224224    
  0.3274072    
  0.3180941    
  0.3237574    
  0.3288992    
  0.3327374    
  0.3245995    
  0.3291085    
  0.3202999    
  0.3254796    
  0.3270109    
  0.3311802    
  0.3227112    
  0.3275513    
  0.3184115    
  0.3239223    
  0.3251225    
  0.3296230    
  0.3208229    
  0.3259941    
  0.3165232    
  0.3223651    
  0.3288992    
  0.3327374    
  0.3245995    
  0.3291085    
  0.3202999    
  0.3254796    
  0.3270109    
  0.3311802    
  0.3227112    
  0.3275513    
  0.3184115    
  0.3239223    
  0.3251225    
  0.3296230    
  0.3208229    
  0.3259941    
  0.3165232    
  0.3223651    
  0.3305520    
  0.3341892    
  0.3262237    
  0.3305393    
  0.3218954    
  0.3268895    
  0.3286514    
  0.3326232    
  0.3243231    
  0.3289733    
  0.3199947    
  0.3253234    
  0.3267508    
  0.3310571    
  0.3224224    
  0.3274072    
  0.3180941    
  0.3237574    
  0.3305520    
  0.3341892    
  0.3262237    
  0.3305393    
  0.3218954    
  0.3268895    
  0.3286514    
  0.3326232    
  0.3243231    
  0.3289733    
  0.3199947    
  0.3253234    
  0.3267508    
  0.3310571    
  0.3224224    
  0.3274072    
  0.3180941    
  0.3237574    
  0.3288992    
  0.3327374    
  0.3245995    
  0.3291085    
  0.3202999    
  0.3254796    
  0.3270109    
  0.3311802    
  0.3227112    
  0.3275513    
  0.3184115    
  0.3239223    
  0.3251225    
  0.3296230    
  0.3208229    
  0.3259941    
  0.3165232    
  0.3223651    
  0.3288992    
  0.3327374    
  0.3245995    
  0.3291085    
  0.3202999    
  0.3254796    
  0.3270109    
  0.3311802    
  0.3227112    
  0.3275513    
  0.3184115    
  0.3239223    
  0.3251225    
  0.3296230    
  0.3208229    
  0.3259941    
  0.3165232    
  0.3223651    
  0.3305520    
  0.3341892    
  0.3262237    
  0.3305393    
  0.3218954    
  0.3268895    
  0.3286514    
  0.3326232    
  0.3243231    
  0.3289733    
  0.3199947    
  0.3253234    
  0.3267508    
  0.3310571    
  0.3224224    
  0.3274072    
  0.3180941    
  0.3237574    
  0.3305520    
  0.3341892    
  0.3262237    
  0.3305393    
  0.3218954    
  0.3268895    
  0.3286514    
  0.3326232    
  0.3243231    
  0.3289733    
  0.3199947    
  0.3253234    
  0.3267508    
  0.3310571    
  0.3224224    
  0.3274072    
  0.3180941    
  0.3237574    
  0.3288992    
  0.3327374    
  0.3245995    
  0.3291085    
  0.3202999    
  0.3254796    
  0.3270109    
  0.3311802    
  0.3227112    
  0.3275513    
  0.3184115    
  0.3239223    
  0.3251225    
  0.3296230    
  0.3208229    
  0.3259941    
  0.3165232    
  0.3223651    
  0.3288992    
  0.3327374    
  0.3245995    
  0.3291085    
  0.3202999    
  0.3254796    
  0.3270109    
  0.3311802    
  0.3227112    
  0.3275513    
  0.3184115    
  0.3239223    
  0.3251225    
  0.3296230    
  0.3208229    
  0.3259941    
  0.3165232    
  0.3223651    
  0.3305520    
  0.3341892    
  0.3262237    
  0.3305393    
  0.3218954    
  0.3268895    
  0.3286514    
  0.3326232    
  0.3243231    
  0.3289733    
  0.3199947    
  0.3253234    
  0.3267508    
  0.3310571    
  0.3224224    
  0.3274072    
  0.3180941    
  0.3237574    
  0.3305520    
  0.3341892    
  0.3262237    
  0.3305393    
  0.3218954    
  0.3268895    
  0.3286514    
  0.3326232    
  0.3243231    
  0.3289733    
  0.3199947    
  0.3253234    
  0.3267508    
  0.3310571    
  0.3224224    
  0.3274072    
  0.3180941    
  0.3237574    
  0.3288992    
  0.3327374    
  0.3245995    
  0.3291085    
  0.3202999    
  0.3254796    
  0.3270109    
  0.3311802    
  0.3227112    
  0.3275513    
  0.3184115    
  0.3239223    
  0.3251225    
  0.3296230    
  0.3208229    
  0.3259941    
  0.3165232    
  0.3223651    
  0.3288992    
  0.3327374    
  0.3245995    
  0.3291085    
  0.3202999    
  0.3254796    
  0.3270109    
  0.3311802    
  0.3227112    
  0.3275513    
  0.3184115    
  0.3239223    
  0.3251225    
  0.3296230    
  0.3208229    
  0.3259941    
  0.3165232    
  0.3223651    
  0.4131172    
  0.4131553    
  0.4087888    
  0.4095053    
  0.4044604    
  0.4058554    
  0.4112165    
  0.4115892    
  0.4068882    
  0.4079393    
  0.4025598    
  0.4042894    
  0.4093159    
  0.4100232    
  0.4049876    
  0.4063733    
  0.4006592    
  0.4027233    
  0.4131172    
  0.4131553    
  0.4087888    
  0.4095053    
  0.4044604    
  0.4058554    
  0.4112165    
  0.4115892    
  0.4068882    
  0.4079393    
  0.4025598    
  0.4042894    
  0.4093159    
  0.4100232    
  0.4049876    
  0.4063733    
  0.4006592    
  0.4027233    
  0.4112253    
  0.4115058    
  0.4069257    
  0.4078768    
  0.4026260    
  0.4042479    
  0.4093370    
  0.4099486    
  0.4050373    
  0.4063196    
  0.4007377    
  0.4026906    
  0.4074487    
  0.4083913    
  0.4031490    
  0.4047624    
  0.3988493    
  0.4011334    
  0.4112253    
  0.4115058    
  0.4069257    
  0.4078768    
  0.4026260    
  0.4042479    
  0.4093370    
  0.4099486    
  0.4050373    
  0.4063196    
  0.4007377    
  0.4026906    
  0.4074487    
  0.4083913    
  0.4031490    
  0.4047624    
  0.3988493    
  0.4011334    
  0.4131172    
  0.4131553    
  0.4087888    
  0.4095053    
  0.4044604    
  0.4058554    
  0.4112165    
  0.4115892    
  0.4068882    
  0.4079393    
  0.4025598    
  0.4042894    
  0.4093159    
  0.4100232    
  0.4049876    
  0.4063733    
  0.4006592    
  0.4027233    
  0.4131172    
  0.4131553    
  0.4087888    
  0.4095053    
  0.4044604    
  0.4058554    
  0.4112165    
  0.4115892    
  0.4068882    
  0.4079393    
  0.4025598    
  0.4042894    
  0.4093159    
  0.4100232    
  0.4049876    
  0.4063733    
  0.4006592    
  0.4027233    
  0.4112253    
  0.4115058    
  0.4069257    
  0.4078768    
  0.4026260    
  0.4042479    
  0.4093370    
  0.4099486    
  0.4050373    
  0.4063196    
  0.4007377    
  0.4026906    
  0.4074487    
  0.4083913    
  0.4031490    
  0.4047624    
  0.3988493    
  0.4011334    
  0.4112253    
  0.4115058    
  0.4069257    
  0.4078768    
  0.4026260    
  0.4042479    
  0.4093370    
  0.4099486    
  0.4050373    
  0.4063196    
  0.4007377    
  0.4026906    
  0.4074487    
  0.4083913    
  0.4031490    
  0.4047624    
  0.3988493    
  0.4011334    
  0.4131172    
  0.4131553    
  0.4087888    
  0.4095053    
  0.4044604    
  0.4058554    
  0.4112165    
  0.4115892    
  0.4068882    
  0.4079393    
  0.4025598    
  0.4042894    
  0.4093159    
  0.4100232    
  0.4049876    
  0.4063733    
  0.4006592    
  0.4027233    
  0.4131172    
  0.4131553    
  0.4087888    
  0.4095053    
  0.4044604    
  0.4058554    
  0.4112165    
  0.4115892    
  0.4068882    
  0.4079393    
  0.4025598    
  0.4042894    
  0.4093159    
  0.4100232    
  0.4049876    
  0.4063733    
  0.4006592    
  0.4027233    
  0.4112253    
  0.4115058    
  0.4069257    
  0.4078768    
  0.4026260    
  0.4042479    
  0.4093370    
  0.4099486    
  0.4050373    
  0.4063196    
  0.4007377    
  0.4026906    
  0.4074487    
  0.4083913    
  0.4031490    
  0.4047624    
  0.3988493    
  0.4011334    
  0.4112253    
  0.4115058    
  0.4069257    
  0.4078768    
  0.4026260    
  0.4042479    
  0.4093370    
  0.4099486    
  0.4050373    
  0.4063196    
  0.4007377    
  0.4026906    
  0.4074487    
  0.4083913    
  0.4031490    
  0.4047624    
  0.3988493    
  0.4011334    
  0.4131172    
  0.4131553    
  0.4087888    
  0.4095053    
  0.4044604    
  0.4058554    
  0.4112165    
  0.4115892    
  0.4068882    
  0.4079393    
  0.4025598    
  0.4042894    
  0.4093159    
  0.4100232    
  0.4049876    
  0.4063733    
  0.4006592    
  0.4027233    
  0.4131172    
  0.4131553    
  0.4087888    
  0.4095053    
  0.4044604    
  0.4058554    
  0.4112165    
  0.4115892    
  0.4068882    
  0.4079393    
  0.4025598    
  0.4042894    
  0.4093159    
  0.4100232    
  0.4049876    
  0.4063733    
  0.4006592    
  0.4027233    
  0.4112253    
  0.4115058    
  0.4069257    
  0.4078768    
  0.4026260    
  0.4042479    
  0.4093370    
  0.4099486    
  0.4050373    
  0.4063196    
  0.4007377    
  0.4026906    
  0.4074487    
  0.4083913    
  0.4031490    
  0.4047624    
  0.3988493    
  0.4011334    
  0.4112253    
  0.4115058    
  0.4069257    
  0.4078768    
  0.4026260    
  0.4042479    
  0.4093370    
  0.4099486    
  0.4050373    
  0.4063196    
  0.4007377    
  0.4026906    
  0.4074487    
  0.4083913    
  0.4031490    
  0.4047624    
  0.3988493    
  0.4011334    
  0.4750410    
  0.4723797    
  0.4707126    
  0.4687299    
  0.4663843    
  0.4650800    
  0.4731404    
  0.4708138    
  0.4688120    
  0.4671638    
  0.4644837    
  0.4635139    
  0.4712398    
  0.4692477    
  0.4669115    
  0.4655977    
  0.4625831    
  0.4619479    
  0.4750410    
  0.4723797    
  0.4707126    
  0.4687299    
  0.4663843    
  0.4650800    
  0.4731404    
  0.4708138    
  0.4688120    
  0.4671638    
  0.4644837    
  0.4635139    
  0.4712398    
  0.4692477    
  0.4669115    
  0.4655977    
  0.4625831    
  0.4619479    
  0.4729700    
  0.4705820    
  0.4686703    
  0.4669531    
  0.4643706    
  0.4633242    
  0.4710816    
  0.4690247    
  0.4667819    
  0.4653958    
  0.4624823    
  0.4617669    
  0.4691933    
  0.4674675    
  0.4648936    
  0.4638386    
  0.4605939    
  0.4602097    
  0.4729700    
  0.4705820    
  0.4686703    
  0.4669531    
  0.4643706    
  0.4633242    
  0.4710816    
  0.4690247    
  0.4667819    
  0.4653958    
  0.4624823    
  0.4617669    
  0.4691933    
  0.4674675    
  0.4648936    
  0.4638386    
  0.4605939    
  0.4602097    
  0.4750410    
  0.4723797    
  0.4707126    
  0.4687299    
  0.4663843    
  0.4650800    
  0.4731404    
  0.4708138    
  0.4688120    
  0.4671638    
  0.4644837    
  0.4635139    
  0.4712398    
  0.4692477    
  0.4669115    
  0.4655977    
  0.4625831    
  0.4619479    
  0.4750410    
  0.4723797    
  0.4707126    
  0.4687299    
  0.4663843    
  0.4650800    
  0.4731404    
  0.4708138    
  0.4688120    
  0.4671638    
  0.4644837    
  0.4635139    
  0.4712398    
  0.4692477    
  0.4669115    
  0.4655977    
  0.4625831    
  0.4619479    
  0.4729700    
  0.4705820    
  0.4686703    
  0.4669531    
  0.4643706    
  0.4633242    
  0.4710816    
  0.4690247    
  0.4667819    
  0.4653958    
  0.4624823    
  0.4617669    
  0.4691933    
  0.4674675    
  0.4648936    
  0.4638386    
  0.4605939    
  0.4602097    
  0.4729700    
  0.4705820    
  0.4686703    
  0.4669531    
  0.4643706    
  0.4633242    
  0.4710816    
  0.4690247    
  0.4667819    
  0.4653958    
  0.4624823    
  0.4617669    
  0.4691933    
  0.4674675    
  0.4648936    
  0.4638386    
  0.4605939    
  0.4602097    
  0.4750410    
  0.4723797    
  0.4707126    
  0.4687299    
  0.4663843    
  0.4650800    
  0.4731404    
  0.4708138    
  0.4688120    
  0.4671638    
  0.4644837    
  0.4635139    
  0.4712398    
  0.4692477    
  0.4669115    
  0.4655977    
  0.4625831    
  0.4619479    
  0.4750410    
  0.4723797    
  0.4707126    
  0.4687299    
  0.4663843    
  0.4650800    
  0.4731404    
  0.4708138    
  0.4688120    
  0.4671638    
  0.4644837    
  0.4635139    
  0.4712398    
  0.4692477    
  0.4669115    
  0.4655977    
  0.4625831    
  0.4619479    
  0.4729700    
  0.4705820    
  0.4686703    
  0.4669531    
  0.4643706    
  0.4633242    
  0.4710816    
  0.4690247    
  0.4667819    
  0.4653958    
  0.4624823    
  0.4617669    
  0.4691933    
  0.4674675    
  0.4648936    
  0.4638386    
  0.4605939    
  0.4602097    
  0.4729700    
  0.4705820    
  0.4686703    
  0.4669531    
  0.4643706    
  0.4633242    
  0.4710816    
  0.4690247    
  0.4667819    
  0.4653958    
  0.4624823    
  0.4617669    
  0.4691933    
  0.4674675    
  0.4648936    
  0.4638386    
  0.4605939    
  0.4602097    
  0.4750410    
  0.4723797    
  0.4707126    
  0.4687299    
  0.4663843    
  0.4650800    
  0.4731404    
  0.4708138    
  0.4688120    
  0.4671638    
  0.4644837    
  0.4635139    
  0.4712398    
  0.4692477    
  0.4669115    
  0.4655977    
  0.4625831    
  0.4619479    
  0.4750410    
  0.4723797    
  0.4707126    
  0.4687299    
  0.4663843    
  0.4650800    
  0.4731404    
  0.4708138    
  0.4688120    
  0.4671638    
  0.4644837    
  0.4635139    
  0.4712398    
  0.4692477    
  0.4669115    
  0.4655977    
  0.4625831    
  0.4619479    
  0.4729700    
  0.4705820    
  0.4686703    
  0.4669531    
  0.4643706    
  0.4633242    
  0.4710816    
  0.4690247    
  0.4667819    
  0.4653958    
  0.4624823    
  0.4617669    
  0.4691933    
  0.4674675    
  0.4648936    
  0.4638386    
  0.4605939    
  0.4602097    
  0.4729700    
  0.4705820    
  0.4686703    
  0.4669531    
  0.4643706    
  0.4633242    
  0.4710816    
  0.4690247    
  0.4667819    
  0.4653958    
  0.4624823    
  0.4617669    
  0.4691933    
  0.4674675    
  0.4648936    
  0.4638386    
  0.4605939    
  0.4602097    
  0.5576061    
  0.5513457    
  0.5532777    
  0.5476958    
  0.5489494    
  0.5440459    
  0.5557055    
  0.5497797    
  0.5513772    
  0.5461298    
  0.5470488    
  0.5424799    
  0.5538050    
  0.5482136    
  0.5494766    
  0.5445638    
  0.5451481    
  0.5409139    
  0.5576061    
  0.5513457    
  0.5532777    
  0.5476958    
  0.5489494    
  0.5440459    
  0.5557055    
  0.5497797    
  0.5513772    
  0.5461298    
  0.5470488    
  0.5424799    
  0.5538050    
  0.5482136    
  0.5494766    
  0.5445638    
  0.5451481    
  0.5409139    
  0.5552961    
  0.5493503    
  0.5509964    
  0.5457213    
  0.5466968    
  0.5420924    
  0.5534078    
  0.5477930    
  0.5491080    
  0.5441641    
  0.5448084    
  0.5405352    
  0.5515195    
  0.5462358    
  0.5472198    
  0.5426068    
  0.5429201    
  0.5389780    
  0.5552961    
  0.5493503    
  0.5509964    
  0.5457213    
  0.5466968    
  0.5420924    
  0.5534078    
  0.5477930    
  0.5491080    
  0.5441641    
  0.5448084    
  0.5405352    
  0.5515195    
  0.5462358    
  0.5472198    
  0.5426068    
  0.5429201    
  0.5389780    
  0.5576061    
  0.5513457    
  0.5532777    
  0.5476958    
  0.5489494    
  0.5440459    
  0.5557055    
  0.5497797    
  0.5513772    
  0.5461298    
  0.5470488    
  0.5424799    
  0.5538050    
  0.5482136    
  0.5494766    
  0.5445638    
  0.5451481    
  0.5409139    
  0.5576061    
  0.5513457    
  0.5532777    
  0.5476958    
  0.5489494    
  0.5440459    
  0.5557055    
  0.5497797    
  0.5513772    
  0.5461298    
  0.5470488    
  0.5424799    
  0.5538050    
  0.5482136    
  0.5494766    
  0.5445638    
  0.5451481    
  0.5409139    
  0.5552961    
  0.5493503    
  0.5509964    
  0.5457213    
  0.5466968    
  0.5420924    
  0.5534078    
  0.5477930    
  0.5491080    
  0.5441641    
  0.5448084    
  0.5405352    
  0.5515195    
  0.5462358    
  0.5472198    
  0.5426068    
  0.5429201    
  0.5389780    
  0.5552961    
  0.5493503    
  0.5509964    
  0.5457213    
  0.5466968    
  0.5420924    
  0.5534078    
  0.5477930    
  0.5491080    
  0.5441641    
  0.5448084    
  0.5405352    
  0.5515195    
  0.5462358    
  0.5472198    
  0.5426068    
  0.5429201    
  0.5389780    
  0.5576061    
  0.5513457    
  0.5532777    
  0.5476958    
  0.5489494    
  0.5440459    
  0.5557055    
  0.5497797    
  0.5513772    
  0.5461298    
  0.5470488    
  0.5424799    
  0.5538050    
  0.5482136    
  0.5494766    
  0.5445638    
  0.5451481    
  0.5409139    
  0.5576061    
  0.5513457    
  0.5532777    
  0.5476958    
  0.5489494    
  0.5440459    
  0.5557055    
  0.5497797    
  0.5513772    
  0.5461298    
  0.5470488    
  0.5424799    
  0.5538050    
  0.5482136    
  0.5494766    
  0.5445638    
  0.5451481    
  0.5409139    
  0.5552961    
  0.5493503    
  0.5509964    
  0.5457213    
  0.5466968    
  0.5420924    
  0.5534078    
  0.5477930    
  0.5491080    
  0.5441641    
  0.5448084    
  0.5405352    
  0.5515195    
  0.5462358    
  0.5472198    
  0.5426068    
  0.5429201    
  0.5389780    
  0.5552961    
  0.5493503    
  0.5509964    
  0.5457213    
  0.5466968    
  0.5420924    
  0.5534078    
  0.5477930    
  0.5491080    
  0.5441641    
  0.5448084    
  0.5405352    
  0.5515195    
  0.5462358    
  0.5472198    
  0.5426068    
  0.5429201    
  0.5389780    
  0.5576061    
  0.5513457    
  0.5532777    
  0.5476958    
  0.5489494    
  0.5440459    
  0.5557055    
  0.5497797    
  0.5513772    
  0.5461298    
  0.5470488    
  0.5424799    
  0.5538050    
  0.5482136    
  0.5494766    
  0.5445638    
  0.5451481    
  0.5409139    
  0.5576061    
  0.5513457    
  0.5532777    
  0.5476958    
  0.5489494    
  0.5440459    
  0.5557055    
  0.5497797    
  0.5513772    
  0.5461298    
  0.5470488    
  0.5424799    
  0.5538050    
  0.5482136    
  0.5494766    
  0.5445638    
  0.5451481    
  0.5409139    
  0.5552961    
  0.5493503    
  0.5509964    
  0.5457213    
  0.5466968    
  0.5420924    
  0.5534078    
  0.5477930    
  0.5491080    
  0.5441641    
  0.5448084    
  0.5405352    
  0.5515195    
  0.5462358    
  0.5472198    
  0.5426068    
  0.5429201    
  0.5389780    
  0.5552961    
  0.5493503    
  0.5509964    
  0.5457213    
  0.5466968    
  0.5420924    
  0.5534078    
  0.5477930    
  0.5491080    
  0.5441641    
  0.5448084    
  0.5405352    
  0.5515195    
  0.5462358    
  0.5472198    
  0.5426068    
  0.5429201    
  0.5389780    
  0.3305520    
  0.3341892    
  0.3262237    
  0.3305393    
  0.3218954    
  0.3268895    
  0.3286514    
  0.3326232    
  0.3243231    
  0.3289733    
  0.3199947    
  0.3253234    
  0.3267508    
  0.3310571    
  0.3224224    
  0.3274072    
  0.3180941    
  0.3237574    
  0.3305520    
  0.3341892    
  0.3262237    
  0.3305393    
  0.3218954    
  0.3268895    
  0.3286514    
  0.3326232    
  0.3243231    
  0.3289733    
  0.3199947    
  0.3253234    
  0.3267508    
  0.3310571    
  0.3224224    
  0.3274072    
  0.3180941    
  0.3237574    
  0.3288992    
  0.3327374    
  0.3245995    
  0.3291085    
  0.3202999    
  0.3254796    
  0.3270109    
  0.3311802    
  0.3227112    
  0.3275513    
  0.3184115    
  0.3239223    
  0.3251225    
  0.3296230    
  0.3208229    
  0.3259941    
  0.3165232    
  0.3223651    
  0.3288992    
  0.3327374    
  0.3245995    
  0.3291085    
  0.3202999    
  0.3254796    
  0.3270109    
  0.3311802    
  0.3227112    
  0.3275513    
  0.3184115    
  0.3239223    
  0.3251225    
  0.3296230    
  0.3208229    
  0.3259941    
  0.3165232    
  0.3223651    
  0.3305520    
  0.3341892    
  0.3262237    
  0.3305393    
  0.3218954    
  0.3268895    
  0.3286514    
  0.3326232    
  0.3243231    
  0.3289733    
  0.3199947    
  0.3253234    
  0.3267508    
  0.3310571    
  0.3224224    
  0.3274072    
  0.3180941    
  0.3237574    
  0.3305520    
  0.3341892    
  0.3262237    
  0.3305393    
  0.3218954    
  0.3268895    
  0.3286514    
  0.3326232    
  0.3243231    
  0.3289733    
  0.3199947    
  0.3253234    
  0.3267508    
  0.3310571    
  0.3224224    
  0.3274072    
  0.3180941    
  0.3237574    
  0.3288992    
  0.3327374    
  0.3245995    
  0.3291085    
  0.3202999    
  0.3254796    
  0.3270109    
  0.3311802    
  0.3227112    
  0.3275513    
  0.3184115    
  0.3239223    
  0.3251225    
  0.3296230    
  0.3208229    
  0.3259941    
  0.3165232    
  0.3223651    
  0.3288992    
  0.3327374    
  0.3245995    
  0.3291085    
  0.3202999    
  0.3254796    
  0.3270109    
  0.3311802    
  0.3227112    
  0.3275513    
  0.3184115    
  0.3239223    
  0.3251225    
  0.3296230    
  0.3208229    
  0.3259941    
  0.3165232    
  0.3223651    
  0.3305520    
  0.3341892    
  0.3262237    
  0.3305393    
  0.3218954    
  0.3268895    
  0.3286514    
  0.3326232    
  0.3243231    
  0.3289733    
  0.3199947    
  0.3253234    
  0.3267508    
  0.3310571    
  0.3224224    
  0.3274072    
  0.3180941    
  0.3237574    
  0.3305520    
  0.3341892    
  0.3262237    
  0.3305393    
  0.3218954    
  0.3268895    
  0.3286514    
  0.3326232    
  0.3243231    
  0.3289733    
  0.3199947    
  0.3253234    
  0.3267508    
  0.3310571    
  0.3224224    
  0.3274072    
  0.3180941    
  0.3237574    
  0.3288992    
  0.3327374    
  0.3245995    
  0.3291085    
  0.3202999    
  0.3254796    
  0.3270109    
  0.3311802    
  0.3227112    
  0.3275513    
  0.3184115    
  0.3239223    
  0.3251225    
  0.3296230    
  0.3208229    
  0.3259941    
  0.3165232    
  0.3223651    
  0.3288992    
  0.3327374    
  0.3245995    
  0.3291085    
  0.3202999    
  0.3254796    
  0.3270109    
  0.3311802    
  0.3227112    
  0.3275513    
  0.3184115    
  0.3239223    
  0.3251225    
  0.3296230    
  0.3208229    
  0.3259941    
  0.3165232    
  0.3223651    
  0.3305520    
  0.3341892    
  0.3262237    
  0.3305393    
  0.3218954    
  0.3268895    
  0.3286514    
  0.3326232    
  0.3243231    
  0.3289733    
  0.3199947    
  0.3253234    
  0.3267508    
  0.3310571    
  0.3224224    
  0.3274072    
  0.3180941    
  0.3237574    
  0.3305520    
  0.3341892    
  0.3262237    
  0.3305393    
  0.3218954    
  0.3268895    
  0.3286514    
  0.3326232    
  0.3243231    
  0.3289733    
  0.3199947    
  0.3253234    
  0.3267508    
  0.3310571    
  0.3224224    
  0.3274072    
  0.3180941    
  0.3237574    
  0.3288992    
  0.3327374    
  0.3245995    
  0.3291085    
  0.3202999    
  0.3254796    
  0.3270109    
  0.3311802    
  0.3227112    
  0.3275513    
  0.3184115    
  0.3239223    
  0.3251225    
  0.3296230    
  0.3208229    
  0.3259941    
  0.3165232    
  0.3223651    
  0.3288992    
  0.3327374    
  0.3245995    
  0.3291085    
  0.3202999    
  0.3254796    
  0.3270109    
  0.3311802    
  0.3227112    
  0.3275513    
  0.3184115    
  0.3239223    
  0.3251225    
  0.3296230    
  0.3208229    
  0.3259941    
  0.3165232    
  0.3223651    
  0.4131172    
  0.4131553    
  0.4087888    
  0.4095053    
  0.4044604    
  0.4058554    
  0.4112165    
  0.4115892    
  0.4068882    
  0.4079393    
  0.4025598    
  0.4042894    
  0.4093159    
  0.4100232    
  0.4049876    
  0.4063733    
  0.4006592    
  0.4027233    
  0.4131172    
  0.4131553    
  0.4087888    
  0.4095053    
  0.4044604    
  0.4058554    
  0.4112165    
  0.4115892    
  0.4068882    
  0.4079393    
  0.4025598    
  0.4042894    
  0.4093159    
  0.4100232    
  0.4049876    
  0.4063733    
  0.4006592    
  0.4027233    
  0.4112253    
  0.4115058    
  0.4069257    
  0.4078768    
  0.4026260    
  0.4042479    
  0.4093370    
  0.4099486    
  0.4050373    
  0.4063196    
  0.4007377    
  0.4026906    
  0.4074487    
  0.4083913    
  0.4031490    
  0.4047624    
  0.3988493    
  0.4011334    
  0.4112253    
  0.4115058    
  0.4069257    
  0.4078768    
  0.4026260    
  0.4042479    
  0.4093370    
  0.4099486    
  0.4050373    
  0.4063196    
  0.4007377    
  0.4026906    
  0.4074487    
  0.4083913    
  0.4031490    
  0.4047624    
  0.3988493    
  0.4011334    
  0.4131172    
  0.4131553    
  0.4087888    
  0.4095053    
  0.4044604    
  0.4058554    
  0.4112165    
  0.4115892    
  0.4068882    
  0.4079393    
  0.4025598    
  0.4042894    
  0.4093159    
  0.4100232    
  0.4049876    
  0.4063733    
  0.4006592    
  0.4027233    
  0.4131172    
  0.4131553    
  0.4087888    
  0.4095053    
  0.4044604    
  0.4058554    
  0.4112165    
  0.4115892    
  0.4068882    
  0.4079393    
  0.4025598    
  0.4042894    
  0.4093159    
  0.4100232    
  0.4049876    
  0.4063733    
  0.4006592    
  0.4027233    
  0.4112253    
  0.4115058    
  0.4069257    
  0.4078768    
  0.4026260    
  0.4042479    
  0.4093370    
  0.4099486    
  0.4050373    
  0.4063196    
  0.4007377    
  0.4026906    
  0.4074487    
  0.4083913    
  0.4031490    
  0.4047624    
  0.3988493    
  0.4011334    
  0.4112253    
  0.4115058    
  0.4069257    
  0.4078768    
  0.4026260    
  0.4042479    
  0.4093370    
  0.4099486    
  0.4050373    
  0.4063196    
  0.4007377    
  0.4026906    
  0.4074487    
  0.4083913    
  0.4031490    
  0.4047624    
  0.3988493    
  0.4011334    
  0.4131172    
  0.4131553    
  0.4087888    
  0.4095053    
  0.4044604    
  0.4058554    
  0.4112165    
  0.4115892    
  0.4068882    
  0.4079393    
  0.4025598    
  0.4042894    
  0.4093159    
  0.4100232    
  0.4049876    
  0.4063733    
  0.4006592    
  0.4027233    
  0.4131172    
  0.4131553    
  0.4087888    
  0.4095053    
  0.4044604    
  0.4058554    
  0.4112165    
  0.4115892    
  0.4068882    
  0.4079393    
  0.4025598    
  0.4042894    
  0.4093159    
  0.4100232    
  0.4049876    
  0.4063733    
  0.4006592    
  0.4027233    
  0.4112253    
  0.4115058    
  0.4069257    
  0.4078768    
  0.4026260    
  0.4042479    
  0.4093370    
  0.4099486    
  0.4050373    
  0.4063196    
  0.4007377    
  0.4026906    
  0.4074487    
  0.4083913    
  0.4031490    
  0.4047624    
  0.3988493    
  0.4011334    
  0.4112253    
  0.4115058    
  0.4069257    
  0.4078768    
  0.4026260    
  0.4042479    
  0.4093370    
  0.4099486    
  0.4050373    
  0.4063196    
  0.4007377    
  0.4026906    
  0.4074487    
  0.4083913    
  0.4031490    
  0.4047624    
  0.3988493    
  0.4011334    
  0.4131172    
  0.4131553    
  0.4087888    
  0.4095053    
  0.4044604    
  0.4058554    
  0.4112165    
  0.4115892    
  0.4068882    
  0.4079393    
  0.4025598    
  0.4042894    
  0.4093159    
  0.4100232    
  0.4049876    
  0.4063733    
  0.4006592    
  0.4027233    
  0.4131172    
  0.4131553    
  0.4087888    
  0.4095053    
  0.4044604    
  0.4058554    
  0.4112165    
  0.4115892    
  0.4068882    
  0.4079393    
  0.4025598    
  0.4042894    
  0.4093159    
  0.4100232    
  0.4049876    
  0.4063733    
  0.4006592    
  0.4027233    
  0.4112253    
  0.4115058    
  0.4069257    
  0.4078768    
  0.4026260    
  0.4042479    
  0.4093370    
  0.4099486    
  0.4050373    
  0.4063196    
  0.4007377    
  0.4026906    
  0.4074487    
  0.4083913    
  0.4031490    
  0.4047624    
  0.3988493    
  0.4011334    
  0.4112253    
  0.4115058    
  0.4069257    
  0.4078768    
  0.4026260    
  0.4042479    
  0.4093370    
  0.4099486    
  0.4050373    
  0.4063196    
  0.4007377    
  0.4026906    
  0.4074487    
  0.4083913    
  0.4031490    
  0.4047624    
  0.3988493    
  0.4011334    
  0.4750410    
  0.4723797    
  0.4707126    
  0.4687299    
  0.4663843    
  0.4650800    
  0.4731404    
  0.4708138    
  0.4688120    
  0.4671638    
  0.4644837    
  0.4635139    
  0.4712398    
  0.4692477    
  0.4669115    
  0.4655977    
  0.4625831    
  0.4619479    
  0.4750410    
  0.4723797    
  0.4707126    
  0.4687299    
  0.4663843    
  0.4650800    
  0.4731404    
  0.4708138    
  0.4688120    
  0.4671638    
  0.4644837    
  0.4635139    
  0.4712398    
  0.4692477    
  0.4669115    
  0.4655977    
  0.4625831    
  0.4619479    
  0.4729700    
  0.4705820    
  0.4686703    
  0.4669531    
  0.4643706    
  0.4633242    
  0.4710816    
  0.4690247    
  0.4667819    
  0.4653958    
  0.4624823    
  0.4617669    
  0.4691933    
  0.4674675    
  0.4648936    
  0.4638386    
  0.4605939    
  0.4602097    
  0.4729700    
  0.4705820    
  0.4686703    
  0.4669531    
  0.4643706    
  0.4633242    
  0.4710816    
  0.4690247    
  0.4667819    
  0.4653958    
  0.4624823    
  0.4617669    
  0.4691933    
  0.4674675    
  0.4648936    
  0.4638386    
  0.4605939    
  0.4602097    
  0.4750410    
  0.4723797    
  0.4707126    
  0.4687299    
  0.4663843    
  0.4650800    
  0.4731404    
  0.4708138    
  0.4688120    
  0.4671638    
  0.4644837    
  0.4635139    
  0.4712398    
  0.4692477    
  0.4669115    
  0.4655977    
  0.4625831    
  0.4619479    
  0.4750410    
  0.4723797    
  0.4707126    
  0.4687299    
  0.4663843    
  0.4650800    
  0.4731404    
  0.4708138    
  0.4688120    
  0.4671638    
  0.4644837    
  0.4635139    
  0.4712398    
  0.4692477    
  0.4669115    
  0.4655977    
  0.4625831    
  0.4619479    
  0.4729700    
  0.4705820    
  0.4686703    
  0.4669531    
  0.4643706    
  0.4633242    
  0.4710816    
  0.4690247    
  0.4667819    
  0.4653958    
  0.4624823    
  0.4617669    
  0.4691933    
  0.4674675    
  0.4648936    
  0.4638386    
  0.4605939    
  0.4602097    
  0.4729700    
  0.4705820    
  0.4686703    
  0.4669531    
  0.4643706    
  0.4633242    
  0.4710816    
  0.4690247    
  0.4667819    
  0.4653958    
  0.4624823    
  0.4617669    
  0.4691933    
  0.4674675    
  0.4648936    
  0.4638386    
  0.4605939    
  0.4602097    
  0.4750410    
  0.4723797    
  0.4707126    
  0.4687299    
  0.4663843    
  0.4650800    
  0.4731404    
  0.4708138    
  0.4688120    
  0.4671638    
  0.4644837    
  0.4635139    
  0.4712398    
  0.4692477    
  0.4669115    
  0.4655977    
  0.4625831    
  0.4619479    
  0.4750410    
  0.4723797    
  0.4707126    
  0.4687299    
  0.4663843    
  0.4650800    
  0.4731404    
  0.4708138    
  0.4688120    
  0.4671638    
  0.4644837    
  0.4635139    
  0.4712398    
  0.4692477    
  0.4669115    
  0.4655977    
  0.4625831    
  0.4619479    
  0.4729700    
  0.4705820    
  0.4686703    
  0.4669531    
  0.4643706    
  0.4633242    
  0.4710816    
  0.4690247    
  0.4667819    
  0.4653958    
  0.4624823    
  0.4617669    
  0.4691933    
  0.4674675    
  0.4648936    
  0.4638386    
  0.4605939    
  0.4602097    
  0.4729700    
  0.4705820    
  0.4686703    
  0.4669531    
  0.4643706    
  0.4633242    
  0.4710816    
  0.4690247    
  0.4667819    
  0.4653958    
  0.4624823    
  0.4617669    
  0.4691933    
  0.4674675    
  0.4648936    
  0.4638386    
  0.4605939    
  0.4602097    
  0.4750410    
  0.4723797    
  0.4707126    
  0.4687299    
  0.4663843    
  0.4650800    
  0.4731404    
  0.4708138    
  0.4688120    
  0.4671638    
  0.4644837    
  0.4635139    
  0.4712398    
  0.4692477    
  0.4669115    
  0.4655977    
  0.4625831    
  0.4619479    
  0.4750410    
  0.4723797    
  0.4707126    
  0.4687299    
  0.4663843    
  0.4650800    
  0.4731404    
  0.4708138    
  0.4688120    
  0.4671638    
  0.4644837    
  0.4635139    
  0.4712398    
  0.4692477    
  0.4669115    
  0.4655977    
  0.4625831    
  0.4619479    
  0.4729700    
  0.4705820    
  0.4686703    
  0.4669531    
  0.4643706    
  0.4633242    
  0.4710816    
  0.4690247    
  0.4667819    
  0.4653958    
  0.4624823    
  0.4617669    
  0.4691933    
  0.4674675    
  0.4648936    
  0.4638386    
  0.4605939    
  0.4602097    
  0.4729700    
  0.4705820    
  0.4686703    
  0.4669531    
  0.4643706    
  0.4633242    
  0.4710816    
  0.4690247    
  0.4667819    
  0.4653958    
  0.4624823    
  0.4617669    
  0.4691933    
  0.4674675    
  0.4648936    
  0.4638386    
  0.4605939    
  0.4602097    
  0.5576061    
  0.5513457    
  0.5532777    
  0.5476958    
  0.5489494    
  0.5440459    
  0.5557055    
  0.5497797    
  0.5513772    
  0.5461298    
  0.5470488    
  0.5424799    
  0.5538050    
  0.5482136    
  0.5494766    
  0.5445638    
  0.5451481    
  0.5409139    
  0.5576061    
  0.5513457    
  0.5532777    
  0.5476958    
  0.5489494    
  0.5440459    
  0.5557055    
  0.5497797    
  0.5513772    
  0.5461298    
  0.5470488    
  0.5424799    
  0.5538050    
  0.5482136    
  0.5494766    
  0.5445638    
  0.5451481    
  0.5409139    
  0.5552961    
  0.5493503    
  0.5509964    
  0.5457213    
  0.5466968    
  0.5420924    
  0.5534078    
  0.5477930    
  0.5491080    
  0.5441641    
  0.5448084    
  0.5405352    
  0.5515195    
  0.5462358    
  0.5472198    
  0.5426068    
  0.5429201    
  0.5389780    
  0.5552961    
  0.5493503    
  0.5509964    
  0.5457213    
  0.5466968    
  0.5420924    
  0.5534078    
  0.5477930    
  0.5491080    
  0.5441641    
  0.5448084    
  0.5405352    
  0.5515195    
  0.5462358    
  0.5472198    
  0.5426068    
  0.5429201    
  0.5389780    
  0.5576061    
  0.5513457    
  0.5532777    
  0.5476958    
  0.5489494    
  0.5440459    
  0.5557055    
  0.5497797    
  0.5513772    
  0.5461298    
  0.5470488    
  0.5424799    
  0.5538050    
  0.5482136    
  0.5494766    
  0.5445638    
  0.5451481    
  0.5409139    
  0.5576061    
  0.5513457    
  0.5532777    
  0.5476958    
  0.5489494    
  0.5440459    
  0.5557055    
  0.5497797    
  0.5513772    
  0.5461298    
  0.5470488    
  0.5424799    
  0.5538050    
  0.5482136    
  0.5494766    
  0.5445638    
  0.5451481    
  0.5409139    
  0.5552961    
  0.5493503    
  0.5509964    
  0.5457213    
  0.5466968    
  0.5420924    
  0.5534078    
  0.5477930    
  0.5491080    
  0.5441641    
  0.5448084    
  0.5405352    
  0.5515195    
  0.5462358    
  0.5472198    
  0.5426068    
  0.5429201    
  0.5389780    
  0.5552961    
  0.5493503    
  0.5509964    
  0.5457213    
  0.5466968    
  0.5420924    
  0.5534078    
  0.5477930    
  0.5491080    
  0.5441641    
  0.5448084    
  0.5405352    
  0.5515195    
  0.5462358    
  0.5472198    
  0.5426068    
  0.5429201    
  0.5389780    
  0.5576061    
  0.5513457    
  0.5532777    
  0.5476958    
  0.5489494    
  0.5440459    
  0.5557055    
  0.5497797    
  0.5513772    
  0.5461298    
  0.5470488    
  0.5424799    
  0.5538050    
  0.5482136    
  0.5494766    
  0.5445638    
  0.5451481    
  0.5409139    
  0.5576061    
  0.5513457    
  0.5532777    
  0.5476958    
  0.5489494    
  0.5440459    
  0.5557055    
  0.5497797    
  0.5513772    
  0.5461298    
  0.5470488    
  0.5424799    
  0.5538050    
  0.5482136    
  0.5494766    
  0.5445638    
  0.5451481    
  0.5409139    
  0.5552961    
  0.5493503    
  0.5509964    
  0.5457213    
  0.5466968    
  0.5420924    
  0.5534078    
  0.5477930    
  0.5491080    
  0.5441641    
  0.5448084    
  0.5405352    
  0.5515195    
  0.5462358    
  0.5472198    
  0.5426068    
  0.5429201    
  0.5389780    
  0.5552961    
  0.5493503    
  0.5509964    
  0.5457213    
  0.5466968    
  0.5420924    
  0.5534078    
  0.5477930    
  0.5491080    
  0.5441641    
  0.5448084    
  0.5405352    
  0.5515195    
  0.5462358    
  0.5472198    
  0.5426068    
  0.5429201    
  0.5389780    
  0.5576061    
  0.5513457    
  0.5532777    
  0.5476958    
  0.5489494    
  0.5440459    
  0.5557055    
  0.5497797    
  0.5513772    
  0.5461298    
  0.5470488    
  0.5424799    
  0.5538050    
  0.5482136    
  0.5494766    
  0.5445638    
  0.5451481    
  0.5409139    
  0.5576061    
  0.5513457    
  0.5532777    
  0.5476958    
  0.5489494    
  0.5440459    
  0.5557055    
  0.5497797    
  0.5513772    
  0.5461298    
  0.5470488    
  0.5424799    
  0.5538050    
  0.5482136    
  0.5494766    
  0.5445638    
  0.5451481    
  0.5409139    
  0.5552961    
  0.5493503    
  0.5509964    
  0.5457213    
  0.5466968    
  0.5420924    
  0.5534078    
  0.5477930    
  0.5491080    
  0.5441641    
  0.5448084    
  0.5405352    
  0.5515195    
  0.5462358    
  0.5472198    
  0.5426068    
  0.5429201    
  0.5389780    
  0.5552961    
  0.5493503    
  0.5509964    
  0.5457213    
  0.5466968    
  0.5420924    
  0.5534078    
  0.5477930    
  0.5491080    
  0.5441641    
  0.5448084    
  0.5405352    
  0.5515195    
  0.5462358    
  0.5472198    
  0.5426068    
  0.5429201    
  0.5389780    
  0.3305520    
  0.3341892    
  0.3262237    
  0.3305393    
  0.3218954    
  0.3268895    
  0.3286514    
  0.3326232    
  0.3243231    
  0.3289733    
  0.3199947    
  0.3253234    
  0.3267508    
  0.3310571    
  0.3224224    
  0.3274072    
  0.3180941    
  0.3237574    
  0.3305520    
  0.3341892    
  0.3262237    
  0.3305393    
  0.3218954    
  0.3268895    
  0.3286514    
  0.3326232    
  0.3243231    
  0.3289733    
  0.3199947    
  0.3253234    
  0.3267508    
  0.3310571    
  0.3224224    
  0.3274072    
  0.3180941    
  0.3237574    
  0.3288992    
  0.3327374    
  0.3245995    
  0.3291085    
  0.3202999    
  0.3254796    
  0.3270109    
  0.3311802    
  0.3227112    
  0.3275513    
  0.3184115    
  0.3239223    
  0.3251225    
  0.3296230    
  0.3208229    
  0.3259941    
  0.3165232    
  0.3223651    
  0.3288992    
  0.3327374    
  0.3245995    
  0.3291085    
  0.3202999    
  0.3254796    
  0.3270109    
  0.3311802    
  0.3227112    
  0.3275513    
  0.3184115    
  0.3239223    
  0.3251225    
  0.3296230    
  0.3208229    
  0.3259941    
  0.3165232    
  0.3223651    
  0.3305520    
  0.3341892    
  0.3262237    
  0.3305393    
  0.3218954    
  0.3268895    
  0.3286514    
  0.3326232    
  0.3243231    
  0.3289733    
  0.3199947    
  0.3253234    
  0.3267508    
  0.3310571    
  0.3224224    
  0.3274072    
  0.3180941    
  0.3237574    
  0.3305520    
  0.3341892    
  0.3262237    
  0.3305393    
  0.3218954    
  0.3268895    
  0.3286514    
  0.3326232    
  0.3243231    
  0.3289733    
  0.3199947    
  0.3253234    
  0.3267508    
  0.3310571    
  0.3224224    
  0.3274072    
  0.3180941    
  0.3237574    
  0.3288992    
  0.3327374    
  0.3245995    
  0.3291085    
  0.3202999    
  0.3254796    
  0.3270109    
  0.3311802    
  0.3227112    
  0.3275513    
  0.3184115    
  0.3239223    
  0.3251225    
  0.3296230    
  0.3208229    
  0.3259941    
  0.3165232    
  0.3223651    
  0.3288992    
  0.3327374    
  0.3245995    
  0.3291085    
  0.3202999    
  0.3254796    
  0.3270109    
  0.3311802    
  0.3227112    
  0.3275513    
  0.3184115    
  0.3239223    
  0.3251225    
  0.3296230    
  0.3208229    
  0.3259941    
  0.3165232    
  0.3223651    
  0.3305520    
  0.3341892    
  0.3262237    
  0.3305393    
  0.3218954    
  0.3268895    
  0.3286514    
  0.3326232    
  0.3243231    
  0.3289733    
  0.3199947    
  0.3253234    
  0.3267508    
  0.3310571    
  0.3224224    
  0.3274072    
  0.3180941    
  0.3237574    
  0.3305520    
  0.3341892    
  0.3262237    
  0.3305393    
  0.3218954    
  0.3268895    
  0.3286514    
  0.3326232    
  0.3243231    
  0.3289733    
  0.3199947    
  0.3253234    
  0.3267508    
  0.3310571    
  0.3224224    
  0.3274072    
  0.3180941    
  0.3237574    
  0.3288992    
  0.3327374    
  0.3245995    
  0.3291085    
  0.3202999    
  0.3254796    
  0.3270109    
  0.3311802    
  0.3227112    
  0.3275513    
  0.3184115    
  0.3239223    
  0.3251225    
  0.3296230    
  0.3208229    
  0.3259941    
  0.3165232    
  0.3223651    
  0.3288992    
  0.3327374    
  0.3245995    
  0.3291085    
  0.3202999    
  0.3254796    
  0.3270109    
  0.3311802    
  0.3227112    
  0.3275513    
  0.3184115    
  0.3239223    
  0.3251225    
  0.3296230    
  0.3208229    
  0.3259941    
  0.3165232    
  0.3223651    
  0.3305520    
  0.3341892    
  0.3262237    
  0.3305393    
  0.3218954    
  0.3268895    
  0.3286514    
  0.3326232    
  0.3243231    
  0.3289733    
  0.3199947    
  0.3253234    
  0.3267508    
  0.3310571    
  0.3224224    
  0.3274072    
  0.3180941    
  0.3237574    
  0.3305520    
  0.3341892    
  0.3262237    
  0.3305393    
  0.3218954    
  0.3268895    
  0.3286514    
  0.3326232    
  0.3243231    
  0.3289733    
  0.3199947    
  0.3253234    
  0.3267508    
  0.3310571    
  0.3224224    
  0.3274072    
  0.3180941    
  0.3237574    
  0.3288992    
  0.3327374    
  0.3245995    
  0.3291085    
  0.3202999    
  0.3254796    
  0.3270109    
  0.3311802    
  0.3227112    
  0.3275513    
  0.3184115    
  0.3239223    
  0.3251225    
  0.3296230    
  0.3208229    
  0.3259941    
  0.3165232    
  0.3223651    
  0.3288992    
  0.3327374    
  0.3245995    
  0.3291085    
  0.3202999    
  0.3254796    
  0.3270109    
  0.3311802    
  0.3227112    
  0.3275513    
  0.3184115    
  0.3239223    
  0.3251225    
  0.3296230    
  0.3208229    
  0.3259941    
  0.3165232    
  0.3223651    
  0.4131172    
  0.4131553    
  0.4087888    
  0.4095053    
  0.4044604    
  0.4058554    
  0.4112165    
  0.4115892    
  0.4068882    
  0.4079393    
  0.4025598    
  0.4042894    
  0.4093159    
  0.4100232    
  0.4049876    
  0.4063733    
  0.4006592    
  0.4027233    
  0.4131172    
  0.4131553    
  0.4087888    
  0.4095053    
  0.4044604    
  0.4058554    
  0.4112165    
  0.4115892    
  0.4068882    
  0.4079393    
  0.4025598    
  0.4042894    
  0.4093159    
  0.4100232    
  0.4049876    
  0.4063733    
  0.4006592    
  0.4027233    
  0.4112253    
  0.4115058    
  0.4069257    
  0.4078768    
  0.4026260    
  0.4042479    
  0.4093370    
  0.4099486    
  0.4050373    
  0.4063196    
  0.4007377    
  0.4026906    
  0.4074487    
  0.4083913    
  0.4031490    
  0.4047624    
  0.3988493    
  0.4011334    
  0.4112253    
  0.4115058    
  0.4069257    
  0.4078768    
  0.4026260    
  0.4042479    
  0.4093370    
  0.4099486    
  0.4050373    
  0.4063196    
  0.4007377    
  0.4026906    
  0.4074487    
  0.4083913    
  0.4031490    
  0.4047624    
  0.3988493    
  0.4011334    
  0.4131172    
  0.4131553    
  0.4087888    
  0.4095053    
  0.4044604    
  0.4058554    
  0.4112165    
  0.4115892    
  0.4068882    
  0.4079393    
  0.4025598    
  0.4042894    
  0.4093159    
  0.4100232    
  0.4049876    
  0.4063733    
  0.4006592    
  0.4027233    
  0.4131172    
  0.4131553    
  0.4087888    
  0.4095053    
  0.4044604    
  0.4058554    
  0.4112165    
  0.4115892    
  0.4068882    
  0.4079393    
  0.4025598    
  0.4042894    
  0.4093159    
  0.4100232    
  0.4049876    
  0.4063733    
  0.4006592    
  0.4027233    
  0.4112253    
  0.4115058    
  0.4069257    
  0.4078768    
  0.4026260    
  0.4042479    
  0.4093370    
  0.4099486    
  0.4050373    
  0.4063196    
  0.4007377    
  0.4026906    
  0.4074487    
  0.4083913    
  0.4031490    
  0.4047624    
  0.3988493    
  0.4011334    
  0.4112253    
  0.4115058    
  0.4069257    
  0.4078768    
  0.4026260    
  0.4042479    
  0.4093370    
  0.4099486    
  0.4050373    
  0.4063196    
  0.4007377    
  0.4026906    
  0.4074487    
  0.4083913    
  0.4031490    
  0.4047624    
  0.3988493    
  0.4011334    
  0.4131172    
  0.4131553    
  0.4087888    
  0.4095053    
  0.4044604    
  0.4058554    
  0.4112165    
  0.4115892    
  0.4068882    
  0.4079393    
  0.4025598    
  0.4042894    
  0.4093159    
  0.4100232    
  0.4049876    
  0.4063733    
  0.4006592    
  0.4027233    
  0.4131172    
  0.4131553    
  0.4087888    
  0.4095053    
  0.4044604    
  0.4058554    
  0.4112165    
  0.4115892    
  0.4068882    
  0.4079393    
  0.4025598    
  0.4042894    
  0.4093159    
  0.4100232    
  0.4049876    
  0.4063733    
  0.4006592    
  0.4027233    
  0.4112253    
  0.4115058    
  0.4069257    
  0.4078768    
  0.4026260    
  0.4042479    
  0.4093370    
  0.4099486    
  0.4050373    
  0.4063196    
  0.4007377    
  0.4026906    
  0.4074487    
  0.4083913    
  0.4031490    
  0.4047624    
  0.3988493    
  0.4011334    
  0.4112253    
  0.4115058    
  0.4069257    
  0.4078768    
  0.4026260    
  0.4042479    
  0.4093370    
  0.4099486    
  0.4050373    
  0.4063196    
  0.4007377    
  0.4026906    
  0.4074487    
  0.4083913    
  0.4031490    
  0.4047624    
  0.3988493    
  0.4011334    
  0.4131172    
  0.4131553    
  0.4087888    
  0.4095053    
  0.4044604    
  0.4058554    
  0.4112165    
  0.4115892    
  0.4068882    
  0.4079393    
  0.4025598    
  0.4042894    
  0.4093159    
  0.4100232    
  0.4049876    
  0.4063733    
  0.4006592    
  0.4027233    
  0.4131172    
  0.4131553    
  0.4087888    
  0.4095053    
  0.4044604    
  0.4058554    
  0.4112165    
  0.4115892    
  0.4068882    
  0.4079393    
  0.4025598    
  0.4042894    
  0.4093159    
  0.4100232    
  0.4049876    
  0.4063733    
  0.4006592    
  0.4027233    
  0.4112253    
  0.4115058    
  0.4069257    
  0.4078768    
  0.4026260    
  0.4042479    
  0.4093370    
  0.4099486    
  0.4050373    
  0.4063196    
  0.4007377    
  0.4026906    
  0.4074487    
  0.4083913    
  0.4031490    
  0.4047624    
  0.3988493    
  0.4011334    
  0.4112253    
  0.4115058    
  0.4069257    
  0.4078768    
  0.4026260    
  0.4042479    
  0.4093370    
  0.4099486    
  0.4050373    
  0.4063196    
  0.4007377    
  0.4026906    
  0.4074487    
  0.4083913    
  0.4031490    
  0.4047624    
  0.3988493    
  0.4011334    
  0.4750410    
  0.4723797    
  0.4707126    
  0.4687299    
  0.4663843    
  0.4650800    
  0.4731404    
  0.4708138    
  0.4688120    
  0.4671638    
  0.4644837    
  0.4635139    
  0.4712398    
  0.4692477    
  0.4669115    
  0.4655977    
  0.4625831    
  0.4619479    
  0.4750410    
  0.4723797    
  0.4707126    
  0.4687299    
  0.4663843    
  0.4650800    
  0.4731404    
  0.4708138    
  0.4688120    
  0.4671638    
  0.4644837    
  0.4635139    
  0.4712398    
  0.4692477    
  0.4669115    
  0.4655977    
  0.4625831    
  0.4619479    
  0.4729700    
  0.4705820    
  0.4686703    
  0.4669531    
  0.4643706    
  0.4633242    
  0.4710816    
  0.4690247    
  0.4667819    
  0.4653958    
  0.4624823    
  0.4617669    
  0.4691933    
  0.4674675    
  0.4648936    
  0.4638386    
  0.4605939    
  0.4602097    
  0.4729700    
  0.4705820    
  0.4686703    
  0.4669531    
  0.4643706    
  0.4633242    
  0.4710816    
  0.4690247    
  0.4667819    
  0.4653958    
  0.4624823    
  0.4617669    
  0.4691933    
  0.4674675    
  0.4648936    
  0.4638386    
  0.4605939    
  0.4602097    
  0.4750410    
  0.4723797    
  0.4707126    
  0.4687299    
  0.4663843    
  0.4650800    
  0.4731404    
  0.4708138    
  0.4688120    
  0.4671638    
  0.4644837    
  0.4635139    
  0.4712398    
  0.4692477    
  0.4669115    
  0.4655977    
  0.4625831    
  0.4619479    
  0.4750410    
  0.4723797    
  0.4707126    
  0.4687299    
  0.4663843    
  0.4650800    
  0.4731404    
  0.4708138    
  0.4688120    
  0.4671638    
  0.4644837    
  0.4635139    
  0.4712398    
  0.4692477    
  0.4669115    
  0.4655977    
  0.4625831    
  0.4619479    
  0.4729700    
  0.4705820    
  0.4686703    
  0.4669531    
  0.4643706    
  0.4633242    
  0.4710816    
  0.4690247    
  0.4667819    
  0.4653958    
  0.4624823    
  0.4617669    
  0.4691933    
  0.4674675    
  0.4648936    
  0.4638386    
  0.4605939    
  0.4602097    
  0.4729700    
  0.4705820    
  0.4686703    
  0.4669531    
  0.4643706    
  0.4633242    
  0.4710816    
  0.4690247    
  0.4667819    
  0.4653958    
  0.4624823    
  0.4617669    
  0.4691933    
  0.4674675    
  0.4648936    
  0.4638386    
  0.4605939    
  0.4602097    
  0.4750410    
  0.4723797    
  0.4707126    
  0.4687299    
  0.4663843    
  0.4650800    
  0.4731404    
  0.4708138    
  0.4688120    
  0.4671638    
  0.4644837    
  0.4635139    
  0.4712398    
  0.4692477    
  0.4669115    
  0.4655977    
  0.4625831    
  0.4619479    
  0.4750410    
  0.4723797    
  0.4707126    
  0.4687299    
  0.4663843    
  0.4650800    
  0.4731404    
  0.4708138    
  0.4688120    
  0.4671638    
  0.4644837    
  0.4635139    
  0.4712398    
  0.4692477    
  0.4669115    
  0.4655977    
  0.4625831    
  0.4619479    
  0.4729700    
  0.4705820    
  0.4686703    
  0.4669531    
  0.4643706    
  0.4633242    
  0.4710816    
  0.4690247    
  0.4667819    
  0.4653958    
  0.4624823    
  0.4617669    
  0.4691933    
  0.4674675    
  0.4648936    
  0.4638386    
  0.4605939    
  0.4602097    
  0.4729700    
  0.4705820    
  0.4686703    
  0.4669531    
  0.4643706    
  0.4633242    
  0.4710816    
  0.4690247    
  0.4667819    
  0.4653958    
  0.4624823    
  0.4617669    
  0.4691933    
  0.4674675    
  0.4648936    
  0.4638386    
  0.4605939    
  0.4602097    
  0.4750410    
  0.4723797    
  0.4707126    
  0.4687299    
  0.4663843    
  0.4650800    
  0.4731404    
  0.4708138    
  0.4688120    
  0.4671638    
  0.4644837    
  0.4635139    
  0.4712398    
  0.4692477    
  0.4669115    
  0.4655977    
  0.4625831    
  0.4619479    
  0.4750410    
  0.4723797    
  0.4707126    
  0.4687299    
  0.4663843    
  0.4650800    
  0.4731404    
  0.4708138    
  0.4688120    
  0.4671638    
  0.4644837    
  0.4635139    
  0.4712398    
  0.4692477    
  0.4669115    
  0.4655977    
  0.4625831    
  0.4619479    
  0.4729700    
  0.4705820    
  0.4686703    
  0.4669531    
  0.4643706    
  0.4633242    
  0.4710816    
  0.4690247    
  0.4667819    
  0.4653958    
  0.4624823    
  0.4617669    
  0.4691933    
  0.4674675    
  0.4648936    
  0.4638386    
  0.4605939    
  0.4602097    
  0.4729700    
  0.4705820    
  0.4686703    
  0.4669531    
  0.4643706    
  0.4633242    
  0.4710816    
  0.4690247    
  0.4667819    
  0.4653958    
  0.4624823    
  0.4617669    
  0.4691933    
  0.4674675    
  0.4648936    
  0.4638386    
  0.4605939    
  0.4602097    
  0.5576061    
  0.5513457    
  0.5532777    
  0.5476958    
  0.5489494    
  0.5440459    
  0.5557055    
  0.5497797    
  0.5513772    
  0.5461298    
  0.5470488    
  0.5424799    
  0.5538050    
  0.5482136    
  0.5494766    
  0.5445638    
  0.5451481    
  0.5409139    
  0.5576061    
  0.5513457    
  0.5532777    
  0.5476958    
  0.5489494    
  0.5440459    
  0.5557055    
  0.5497797    
  0.5513772    
  0.5461298    
  0.5470488    
  0.5424799    
  0.5538050    
  0.5482136    
  0.5494766    
  0.5445638    
  0.5451481    
  0.5409139    
  0.5552961    
  0.5493503    
  0.5509964    
  0.5457213    
  0.5466968    
  0.5420924    
  0.5534078    
  0.5477930    
  0.5491080    
  0.5441641    
  0.5448084    
  0.5405352    
  0.5515195    
  0.5462358    
  0.5472198    
  0.5426068    
  0.5429201    
  0.5389780    
  0.5552961    
  0.5493503    
  0.5509964    
  0.5457213    
  0.5466968    
  0.5420924    
  0.5534078    
  0.5477930    
  0.5491080    
  0.5441641    
  0.5448084    
  0.5405352    
  0.5515195    
  0.5462358    
  0.5472198    
  0.5426068    
  0.5429201    
  0.5389780    
  0.5576061    
  0.5513457    
  0.5532777    
  0.5476958    
  0.5489494    
  0.5440459    
  0.5557055    
  0.5497797    
  0.5513772    
  0.5461298    
  0.5470488    
  0.5424799    
  0.5538050    
  0.5482136    
  0.5494766    
  0.5445638    
  0.5451481    
  0.5409139    
  0.5576061    
  0.5513457    
  0.5532777    
  0.5476958    
  0.5489494    
  0.5440459    
  0.5557055    
  0.5497797    
  0.5513772    
  0.5461298    
  0.5470488    
  0.5424799    
  0.5538050    
  0.5482136    
  0.5494766    
  0.5445638    
  0.5451481    
  0.5409139    
  0.5552961    
  0.5493503    
  0.5509964    
  0.5457213    
  0.5466968    
  0.5420924    
  0.5534078    
  0.5477930    
  0.5491080    
  0.5441641    
  0.5448084    
  0.5405352    
  0.5515195    
  0.5462358    
  0.5472198    
  0.5426068    
  0.5429201    
  0.5389780    
  0.5552961    
  0.5493503    
  0.5509964    
  0.5457213    
  0.5466968    
  0.5420924    
  0.5534078    
  0.5477930    
  0.5491080    
  0.5441641    
  0.5448084    
  0.5405352    
  0.5515195    
  0.5462358    
  0.5472198    
  0.5426068    
  0.5429201    
  0.5389780    
  0.5576061    
  0.5513457    
  0.5532777    
  0.5476958    
  0.5489494    
  0.5440459    
  0.5557055    
  0.5497797    
  0.5513772    
  0.5461298    
  0.5470488    
  0.5424799    
  0.5538050    
  0.5482136    
  0.5494766    
  0.5445638    
  0.5451481    
  0.5409139    
  0.5576061    
  0.5513457    
  0.5532777    
  0.5476958    
  0.5489494    
  0.5440459    
  0.5557055    
  0.5497797    
  0.5513772    
  0.5461298    
  0.5470488    
  0.5424799    
  0.5538050    
  0.5482136    
  0.5494766    
  0.5445638    
  0.5451481    
  0.5409139    
  0.5552961    
  0.5493503    
  0.5509964    
  0.5457213    
  0.5466968    
  0.5420924    
  0.5534078    
  0.5477930    
  0.5491080    
  0.5441641    
  0.5448084    
  0.5405352    
  0.5515195    
  0.5462358    
  0.5472198    
  0.5426068    
  0.5429201    
  0.5389780    
  0.5552961    
  0.5493503    
  0.5509964    
  0.5457213    
  0.5466968    
  0.5420924    
  0.5534078    
  0.5477930    
  0.5491080    
  0.5441641    
  0.5448084    
  0.5405352    
  0.5515195    
  0.5462358    
  0.5472198    
  0.5426068    
  0.5429201    
  0.5389780    
  0.5576061    
  0.5513457    
  0.5532777    
  0.5476958    
  0.5489494    
  0.5440459    
  0.5557055    
  0.5497797    
  0.5513772    
  0.5461298    
  0.5470488    
  0.5424799    
  0.5538050    
  0.5482136    
  0.5494766    
  0.5445638    
  0.5451481    
  0.5409139    
  0.5576061    
  0.5513457    
  0.5532777    
  0.5476958    
  0.5489494    
  0.5440459    
  0.5557055    
  0.5497797    
  0.5513772    
  0.5461298    
  0.5470488    
  0.5424799    
  0.5538050    
  0.5482136    
  0.5494766    
  0.5445638    
  0.5451481    
  0.5409139    
  0.5552961    
  0.5493503    
  0.5509964    
  0.5457213    
  0.5466968    
  0.5420924    
  0.5534078    
  0.5477930    
  0.5491080    
  0.5441641    
  0.5448084    
  0.5405352    
  0.5515195    
  0.5462358    
  0.5472198    
  0.5426068    
  0.5429201    
  0.5389780    
  0.5552961    
  0.5493503    
  0.5509964    
  0.5457213    
  0.5466968    
  0.5420924    
  0.5534078    
  0.5477930    
  0.5491080    
  0.5441641    
  0.5448084    
  0.5405352    
  0.5515195    
  0.5462358    
  0.5472198    
  0.5426068    
  0.5429201    
  0.5389780    
  0.3305520    
  0.3341892    
  0.3262237    
  0.3305393    
  0.3218954    
  0.3268895    
  0.3286514    
  0.3326232    
  0.3243231    
  0.3289733    
  0.3199947    
  0.3253234    
  0.3267508    
  0.3310571    
  0.3224224    
  0.3274072    
  0.3180941    
  0.3237574    
  0.3305520    
  0.3341892    
  0.3262237    
  0.3305393    
  0.3218954    
  0.3268895    
  0.3286514    
  0.3326232    
  0.3243231    
  0.3289733    
  0.3199947    
  0.3253234    
  0.3267508    
  0.3310571    
  0.3224224    
  0.3274072    
  0.3180941    
  0.3237574    
  0.3288992    
  0.3327374    
  0.3245995    
  0.3291085    
  0.3202999    
  0.3254796    
  0.3270109    
  0.3311802    
  0.3227112    
  0.3275513    
  0.3184115    
  0.3239223    
  0.3251225    
  0.3296230    
  0.3208229    
  0.3259941    
  0.3165232    
  0.3223651    
  0.3288992    
  0.3327374    
  0.3245995    
  0.3291085    
  0.3202999    
  0.3254796    
  0.3270109    
  0.3311802    
  0.3227112    
  0.3275513    
  0.3184115    
  0.3239223    
  0.3251225    
  0.3296230    
  0.3208229    
  0.3259941    
  0.3165232    
  0.3223651    
  0.3305520    
  0.3341892    
  0.3262237    
  0.3305393    
  0.3218954    
  0.3268895    
  0.3286514    
  0.3326232    
  0.3243231    
  0.3289733    
  0.3199947    
  0.3253234    
  0.3267508    
  0.3310571    
  0.3224224    
  0.3274072    
  0.3180941    
  0.3237574    
  0.3305520    
  0.3341892    
  0.3262237    
  0.3305393    
  0.3218954    
  0.3268895    
  0.3286514    
  0.3326232    
  0.3243231    
  0.3289733    
  0.3199947    
  0.3253234    
  0.3267508    
  0.3310571    
  0.3224224    
  0.3274072    
  0.3180941    
  0.3237574    
  0.3288992    
  0.3327374    
  0.3245995    
  0.3291085    
  0.3202999    
  0.3254796    
  0.3270109    
  0.3311802    
  0.3227112    
  0.3275513    
  0.3184115    
  0.3239223    
  0.3251225    
  0.3296230    
  0.3208229    
  0.3259941    
  0.3165232    
  0.3223651    
  0.3288992    
  0.3327374    
  0.3245995    
  0.3291085    
  0.3202999    
  0.3254796    
  0.3270109    
  0.3311802    
  0.3227112    
  0.3275513    
  0.3184115    
  0.3239223    
  0.3251225    
  0.3296230    
  0.3208229    
  0.3259941    
  0.3165232    
  0.3223651    
  0.3305520    
  0.3341892    
  0.3262237    
  0.3305393    
  0.3218954    
  0.3268895    
  0.3286514    
  0.3326232    
  0.3243231    
  0.3289733    
  0.3199947    
  0.3253234    
  0.3267508    
  0.3310571    
  0.3224224    
  0.3274072    
  0.3180941    
  0.3237574    
  0.3305520    
  0.3341892    
  0.3262237    
  0.3305393    
  0.3218954    
  0.3268895    
  0.3286514    
  0.3326232    
  0.3243231    
  0.3289733    
  0.3199947    
  0.3253234    
  0.3267508    
  0.3310571    
  0.3224224    
  0.3274072    
  0.3180941    
  0.3237574    
  0.3288992    
  0.3327374    
  0.3245995    
  0.3291085    
  0.3202999    
  0.3254796    
  0.3270109    
  0.3311802    
  0.3227112    
  0.3275513    
  0.3184115    
  0.3239223    
  0.3251225    
  0.3296230    
  0.3208229    
  0.3259941    
  0.3165232    
  0.3223651    
  0.3288992    
  0.3327374    
  0.3245995    
  0.3291085    
  0.3202999    
  0.3254796    
  0.3270109    
  0.3311802    
  0.3227112    
  0.3275513    
  0.3184115    
  0.3239223    
  0.3251225    
  0.3296230    
  0.3208229    
  0.3259941    
  0.3165232    
  0.3223651    
  0.3305520    
  0.3341892    
  0.3262237    
  0.3305393    
  0.3218954    
  0.3268895    
  0.3286514    
  0.3326232    
  0.3243231    
  0.3289733    
  0.3199947    
  0.3253234    
  0.3267508    
  0.3310571    
  0.3224224    
  0.3274072    
  0.3180941    
  0.3237574    
  0.3305520    
  0.3341892    
  0.3262237    
  0.3305393    
  0.3218954    
  0.3268895    
  0.3286514    
  0.3326232    
  0.3243231    
  0.3289733    
  0.3199947    
  0.3253234    
  0.3267508    
  0.3310571    
  0.3224224    
  0.3274072    
  0.3180941    
  0.3237574    
  0.3288992    
  0.3327374    
  0.3245995    
  0.3291085    
  0.3202999    
  0.3254796    
  0.3270109    
  0.3311802    
  0.3227112    
  0.3275513    
  0.3184115    
  0.3239223    
  0.3251225    
  0.3296230    
  0.3208229    
  0.3259941    
  0.3165232    
  0.3223651    
  0.3288992    
  0.3327374    
  0.3245995    
  0.3291085    
  0.3202999    
  0.3254796    
  0.3270109    
  0.3311802    
  0.3227112    
  0.3275513    
  0.3184115    
  0.3239223    
  0.3251225    
  0.3296230    
  0.3208229    
  0.3259941    
  0.3165232    
  0.3223651    
  0.4131172    
  0.4131553    
  0.4087888    
  0.4095053    
  0.4044604    
  0.4058554    
  0.4112165    
  0.4115892    
  0.4068882    
  0.4079393    
  0.4025598    
  0.4042894    
  0.4093159    
  0.4100232    
  0.4049876    
  0.4063733    
  0.4006592    
  0.4027233    
  0.4131172    
  0.4131553    
  0.4087888    
  0.4095053    
  0.4044604    
  0.4058554    
  0.4112165    
  0.4115892    
  0.4068882    
  0.4079393    
  0.4025598    
  0.4042894    
  0.4093159    
  0.4100232    
  0.4049876    
  0.4063733    
  0.4006592    
  0.4027233    
  0.4112253    
  0.4115058    
  0.4069257    
  0.4078768    
  0.4026260    
  0.4042479    
  0.4093370    
  0.4099486    
  0.4050373    
  0.4063196    
  0.4007377    
  0.4026906    
  0.4074487    
  0.4083913    
  0.4031490    
  0.4047624    
  0.3988493    
  0.4011334    
  0.4112253    
  0.4115058    
  0.4069257    
  0.4078768    
  0.4026260    
  0.4042479    
  0.4093370    
  0.4099486    
  0.4050373    
  0.4063196    
  0.4007377    
  0.4026906    
  0.4074487    
  0.4083913    
  0.4031490    
  0.4047624    
  0.3988493    
  0.4011334    
  0.4131172    
  0.4131553    
  0.4087888    
  0.4095053    
  0.4044604    
  0.4058554    
  0.4112165    
  0.4115892    
  0.4068882    
  0.4079393    
  0.4025598    
  0.4042894    
  0.4093159    
  0.4100232    
  0.4049876    
  0.4063733    
  0.4006592    
  0.4027233    
  0.4131172    
  0.4131553    
  0.4087888    
  0.4095053    
  0.4044604    
  0.4058554    
  0.4112165    
  0.4115892    
  0.4068882    
  0.4079393    
  0.4025598    
  0.4042894    
  0.4093159    
  0.4100232    
  0.4049876    
  0.4063733    
  0.4006592    
  0.4027233    
  0.4112253    
  0.4115058    
  0.4069257    
  0.4078768    
  0.4026260    
  0.4042479    
  0.4093370    
  0.4099486    
  0.4050373    
  0.4063196    
  0.4007377    
  0.4026906    
  0.4074487    
  0.4083913    
  0.4031490    
  0.4047624    
  0.3988493    
  0.4011334    
  0.4112253    
  0.4115058    
  0.4069257    
  0.4078768    
  0.4026260    
  0.4042479    
  0.4093370    
  0.4099486    
  0.4050373    
  0.4063196    
  0.4007377    
  0.4026906    
  0.4074487    
  0.4083913    
  0.4031490    
  0.4047624    
  0.3988493    
  0.4011334    
  0.4131172    
  0.4131553    
  0.4087888    
  0.4095053    
  0.4044604    
  0.4058554    
  0.4112165    
  0.4115892    
  0.4068882    
  0.4079393    
  0.4025598    
  0.4042894    
  0.4093159    
  0.4100232    
  0.4049876    
  0.4063733    
  0.4006592    
  0.4027233    
  0.4131172    
  0.4131553    
  0.4087888    
  0.4095053    
  0.4044604    
  0.4058554    
  0.4112165    
  0.4115892    
  0.4068882    
  0.4079393    
  0.4025598    
  0.4042894    
  0.4093159    
  0.4100232    
  0.4049876    
  0.4063733    
  0.4006592    
  0.4027233    
  0.4112253    
  0.4115058    
  0.4069257    
  0.4078768    
  0.4026260    
  0.4042479    
  0.4093370    
  0.4099486    
  0.4050373    
  0.4063196    
  0.4007377    
  0.4026906    
  0.4074487    
  0.4083913    
  0.4031490    
  0.4047624    
  0.3988493    
  0.4011334    
  0.4112253    
  0.4115058    
  0.4069257    
  0.4078768    
  0.4026260    
  0.4042479    
  0.4093370    
  0.4099486    
  0.4050373    
  0.4063196    
  0.4007377    
  0.4026906    
  0.4074487    
  0.4083913    
  0.4031490    
  0.4047624    
  0.3988493    
  0.4011334    
  0.4131172    
  0.4131553    
  0.4087888    
  0.4095053    
  0.4044604    
  0.4058554    
  0.4112165    
  0.4115892    
  0.4068882    
  0.4079393    
  0.4025598    
  0.4042894    
  0.4093159    
  0.4100232    
  0.4049876    
  0.4063733    
  0.4006592    
  0.4027233    
  0.4131172    
  0.4131553    
  0.4087888    
  0.4095053    
  0.4044604    
  0.4058554    
  0.4112165    
  0.4115892    
  0.4068882    
  0.4079393    
  0.4025598    
  0.4042894    
  0.4093159    
  0.4100232    
  0.4049876    
  0.4063733    
  0.4006592    
  0.4027233    
  0.4112253    
  0.4115058    
  0.4069257    
  0.4078768    
  0.4026260    
  0.4042479    
  0.4093370    
  0.4099486    
  0.4050373    
  0.4063196    
  0.4007377    
  0.4026906    
  0.4074487    
  0.4083913    
  0.4031490    
  0.4047624    
  0.3988493    
  0.4011334    
  0.4112253    
  0.4115058    
  0.4069257    
  0.4078768    
  0.4026260    
  0.4042479    
  0.4093370    
  0.4099486    
  0.4050373    
  0.4063196    
  0.4007377    
  0.4026906    
  0.4074487    
  0.4083913    
  0.4031490    
  0.4047624    
  0.3988493    
  0.4011334    
  0.4750410    
  0.4723797    
  0.4707126    
  0.4687299    
  0.4663843    
  0.4650800    
  0.4731404    
  0.4708138    
  0.4688120    
  0.4671638    
  0.4644837    
  0.4635139    
  0.4712398    
  0.4692477    
  0.4669115    
  0.4655977    
  0.4625831    
  0.4619479    
  0.4750410    
  0.4723797    
  0.4707126    
  0.4687299    
  0.4663843    
  0.4650800    
  0.4731404    
  0.4708138    
  0.4688120    
  0.4671638    
  0.4644837    
  0.4635139    
  0.4712398    
  0.4692477    
  0.4669115    
  0.4655977    
  0.4625831    
  0.4619479    
  0.4729700    
  0.4705820    
  0.4686703    
  0.4669531    
  0.4643706    
  0.4633242    
  0.4710816    
  0.4690247    
  0.4667819    
  0.4653958    
  0.4624823    
  0.4617669    
  0.4691933    
  0.4674675    
  0.4648936    
  0.4638386    
  0.4605939    
  0.4602097    
  0.4729700    
  0.4705820    
  0.4686703    
  0.4669531    
  0.4643706    
  0.4633242    
  0.4710816    
  0.4690247    
  0.4667819    
  0.4653958    
  0.4624823    
  0.4617669    
  0.4691933    
  0.4674675    
  0.4648936    
  0.4638386    
  0.4605939    
  0.4602097    
  0.4750410    
  0.4723797    
  0.4707126    
  0.4687299    
  0.4663843    
  0.4650800    
  0.4731404    
  0.4708138    
  0.4688120    
  0.4671638    
  0.4644837    
  0.4635139    
  0.4712398    
  0.4692477    
  0.4669115    
  0.4655977    
  0.4625831    
  0.4619479    
  0.4750410    
  0.4723797    
  0.4707126    
  0.4687299    
  0.4663843    
  0.4650800    
  0.4731404    
  0.4708138    
  0.4688120    
  0.4671638    
  0.4644837    
  0.4635139    
  0.4712398    
  0.4692477    
  0.4669115    
  0.4655977    
  0.4625831    
  0.4619479    
  0.4729700    
  0.4705820    
  0.4686703    
  0.4669531    
  0.4643706    
  0.4633242    
  0.4710816    
  0.4690247    
  0.4667819    
  0.4653958    
  0.4624823    
  0.4617669    
  0.4691933    
  0.4674675    
  0.4648936    
  0.4638386    
  0.4605939    
  0.4602097    
  0.4729700    
  0.4705820    
  0.4686703    
  0.4669531    
  0.4643706    
  0.4633242    
  0.4710816    
  0.4690247    
  0.4667819    
  0.4653958    
  0.4624823    
  0.4617669    
  0.4691933    
  0.4674675    
  0.4648936    
  0.4638386    
  0.4605939    
  0.4602097    
  0.4750410    
  0.4723797    
  0.4707126    
  0.4687299    
  0.4663843    
  0.4650800    
  0.4731404    
  0.4708138    
  0.4688120    
  0.4671638    
  0.4644837    
  0.4635139    
  0.4712398    
  0.4692477    
  0.4669115    
  0.4655977    
  0.4625831    
  0.4619479    
  0.4750410    
  0.4723797    
  0.4707126    
  0.4687299    
  0.4663843    
  0.4650800    
  0.4731404    
  0.4708138    
  0.4688120    
  0.4671638    
  0.4644837    
  0.4635139    
  0.4712398    
  0.4692477    
  0.4669115    
  0.4655977    
  0.4625831    
  0.4619479    
  0.4729700    
  0.4705820    
  0.4686703    
  0.4669531    
  0.4643706    
  0.4633242    
  0.4710816    
  0.4690247    
  0.4667819    
  0.4653958    
  0.4624823    
  0.4617669    
  0.4691933    
  0.4674675    
  0.4648936    
  0.4638386    
  0.4605939    
  0.4602097    
  0.4729700    
  0.4705820    
  0.4686703    
  0.4669531    
  0.4643706    
  0.4633242    
  0.4710816    
  0.4690247    
  0.4667819    
  0.4653958    
  0.4624823    
  0.4617669    
  0.4691933    
  0.4674675    
  0.4648936    
  0.4638386    
  0.4605939    
  0.4602097    
  0.4750410    
  0.4723797    
  0.4707126    
  0.4687299    
  0.4663843    
  0.4650800    
  0.4731404    
  0.4708138    
  0.4688120    
  0.4671638    
  0.4644837    
  0.4635139    
  0.4712398    
  0.4692477    
  0.4669115    
  0.4655977    
  0.4625831    
  0.4619479    
  0.4750410    
  0.4723797    
  0.4707126    
  0.4687299    
  0.4663843    
  0.4650800    
  0.4731404    
  0.4708138    
  0.4688120    
  0.4671638    
  0.4644837    
  0.4635139    
  0.4712398    
  0.4692477    
  0.4669115    
  0.4655977    
  0.4625831    
  0.4619479    
  0.4729700    
  0.4705820    
  0.4686703    
  0.4669531    
  0.4643706    
  0.4633242    
  0.4710816    
  0.4690247    
  0.4667819    
  0.4653958    
  0.4624823    
  0.4617669    
  0.4691933    
  0.4674675    
  0.4648936    
  0.4638386    
  0.4605939    
  0.4602097    
  0.4729700    
  0.4705820    
  0.4686703    
  0.4669531    
  0.4643706    
  0.4633242    
  0.4710816    
  0.4690247    
  0.4667819    
  0.4653958    
  0.4624823    
  0.4617669    
  0.4691933    
  0.4674675    
  0.4648936    
  0.4638386    
  0.4605939    
  0.4602097    
  0.5576061    
  0.5513457    
  0.5532777    
  0.5476958    
  0.5489494    
  0.5440459    
  0.5557055    
  0.5497797    
  0.5513772    
  0.5461298    
  0.5470488    
  0.5424799    
  0.5538050    
  0.5482136    
  0.5494766    
  0.5445638    
  0.5451481    
  0.5409139    
  0.5576061    
  0.5513457    
  0.5532777    
  0.5476958    
  0.5489494    
  0.5440459    
  0.5557055    
  0.5497797    
  0.5513772    
  0.5461298    
  0.5470488    
  0.5424799    
  0.5538050    
  0.5482136    
  0.5494766    
  0.5445638    
  0.5451481    
  0.5409139    
  0.5552961    
  0.5493503    
  0.5509964    
  0.5457213    
  0.5466968    
  0.5420924    
  0.5534078    
  0.5477930    
  0.5491080    
  0.5441641    
  0.5448084    
  0.5405352    
  0.5515195    
  0.5462358    
  0.5472198    
  0.5426068    
  0.5429201    
  0.5389780    
  0.5552961    
  0.5493503    
  0.5509964    
  0.5457213    
  0.5466968    
  0.5420924    
  0.5534078    
  0.5477930    
  0.5491080    
  0.5441641    
  0.5448084    
  0.5405352    
  0.5515195    
  0.5462358    
  0.5472198    
  0.5426068    
  0.5429201    
  0.5389780    
  0.5576061    
  0.5513457    
  0.5532777    
  0.5476958    
  0.5489494    
  0.5440459    
  0.5557055    
  0.5497797    
  0.5513772    
  0.5461298    
  0.5470488    
  0.5424799    
  0.5538050    
  0.5482136    
  0.5494766    
  0.5445638    
  0.5451481    
  0.5409139    
  0.5576061    
  0.5513457    
  0.5532777    
  0.5476958    
  0.5489494    
  0.5440459    
  0.5557055    
  0.5497797    
  0.5513772    
  0.5461298    
  0.5470488    
  0.5424799    
  0.5538050    
  0.5482136    
  0.5494766    
  0.5445638    
  0.5451481    
  0.5409139    
  0.5552961    
  0.5493503    
  0.5509964    
  0.5457213    
  0.5466968    
  0.5420924    
  0.5534078    
  0.5477930    
  0.5491080    
  0.5441641    
  0.5448084    
  0.5405352    
  0.5515195    
  0.5462358    
  0.5472198    
  0.5426068    
  0.5429201    
  0.5389780    
  0.5552961    
  0.5493503    
  0.5509964    
  0.5457213    
  0.5466968    
  0.5420924    
  0.5534078    
  0.5477930    
  0.5491080    
  0.5441641    
  0.5448084    
  0.5405352    
  0.5515195    
  0.5462358    
  0.5472198    
  0.5426068    
  0.5429201    
  0.5389780    
  0.5576061    
  0.5513457    
  0.5532777    
  0.5476958    
  0.5489494    
  0.5440459    
  0.5557055    
  0.5497797    
  0.5513772    
  0.5461298    
  0.5470488    
  0.5424799    
  0.5538050    
  0.5482136    
  0.5494766    
  0.5445638    
  0.5451481    
  0.5409139    
  0.5576061    
  0.5513457    
  0.5532777    
  0.5476958    
  0.5489494    
  0.5440459    
  0.5557055    
  0.5497797    
  0.5513772    
  0.5461298    
  0.5470488    
  0.5424799    
  0.5538050    
  0.5482136    
  0.5494766    
  0.5445638    
  0.5451481    
  0.5409139    
  0.5552961    
  0.5493503    
  0.5509964    
  0.5457213    
  0.5466968    
  0.5420924    
  0.5534078    
  0.5477930    
  0.5491080    
  0.5441641    
  0.5448084    
  0.5405352    
  0.5515195    
  0.5462358    
  0.5472198    
  0.5426068    
  0.5429201    
  0.5389780    
  0.5552961    
  0.5493503    
  0.5509964    
  0.5457213    
  0.5466968    
  0.5420924    
  0.5534078    
  0.5477930    
  0.5491080    
  0.5441641    
  0.5448084    
  0.5405352    
  0.5515195    
  0.5462358    
  0.5472198    
  0.5426068    
  0.5429201    
  0.5389780    
  0.5576061    
  0.5513457    
  0.5532777    
  0.5476958    
  0.5489494    
  0.5440459    
  0.5557055    
  0.5497797    
  0.5513772    
  0.5461298    
  0.5470488    
  0.5424799    
  0.5538050    
  0.5482136    
  0.5494766    
  0.5445638    
  0.5451481    
  0.5409139    
  0.5576061    
  0.5513457    
  0.5532777    
  0.5476958    
  0.5489494    
  0.5440459    
  0.5557055    
  0.5497797    
  0.5513772    
  0.5461298    
  0.5470488    
  0.5424799    
  0.5538050    
  0.5482136    
  0.5494766    
  0.5445638    
  0.5451481    
  0.5409139    
  0.5552961    
  0.5493503    
  0.5509964    
  0.5457213    
  0.5466968    
  0.5420924    
  0.5534078    
  0.5477930    
  0.5491080    
  0.5441641    
  0.5448084    
  0.5405352    
  0.5515195    
  0.5462358    
  0.5472198    
  0.5426068    
  0.5429201    
  0.5389780    
  0.5552961    
  0.5493503    
  0.5509964    
  0.5457213    
  0.5466968    
  0.5420924    
  0.5534078    
  0.5477930    
  0.5491080    
  0.5441641    
  0.5448084    
  0.5405352    
  0.5515195    
  0.5462358    
  0.5472198    
  0.5426068    
  0.5429201    
  0.5389780    
