  0.0000000E+00
  0.0000000E+00
  0.0000000E+00
 -6.4189962E-08
  2.5342930E-08
 -7.4653535E-08
  0.0000000E+00
 -2.9202715E-08
  0.0000000E+00
 -3.3447968E-08
  0.0000000E+00
  0.0000000E+00
  0.0000000E+00
  8.1882135E-08
  0.0000000E+00
  0.0000000E+00
  1.8791971E-08
  7.4746907E-08
 -8.5481680E-08
  0.0000000E+00
  0.0000000E+00
  1.2069565E-07
  0.0000000E+00
 -2.1180662E-07
  2.2530807E-07
  0.0000000E+00
  0.0000000E+00
  0.0000000E+00
  5.8564908E-08
  2.7201684E-08
  0.0000000E+00
  0.0000000E+00
  0.0000000E+00
  0.0000000E+00
 -1.5100252E-07
  1.6355700E-09
  0.0000000E+00
  0.0000000E+00
  0.0000000E+00
  0.0000000E+00
  0.0000000E+00
  8.5458488E-08
  0.0000000E+00
  2.7202528E-08
  6.4190829E-08
  0.0000000E+00
 -3.0301784E-08
  0.0000000E+00
  0.0000000E+00
  0.0000000E+00
  0.0000000E+00
  0.0000000E+00
  0.0000000E+00
  0.0000000E+00
  0.0000000E+00
  4.5108276E-08
  0.0000000E+00
  0.0000000E+00
  0.0000000E+00
  0.0000000E+00
  0.0000000E+00
  0.0000000E+00
  0.0000000E+00
  0.0000000E+00
  0.0000000E+00
 -5.8577481E-08
  2.7690753E-08
  0.0000000E+00
  0.0000000E+00
 -1.5012257E-07
  0.0000000E+00
  0.0000000E+00
  3.7545234E-08
  0.0000000E+00
  3.1936633E-08
  0.0000000E+00
  0.0000000E+00
  0.0000000E+00
  0.0000000E+00
  0.0000000E+00
  0.0000000E+00
  0.0000000E+00
  0.0000000E+00
  0.0000000E+00
  0.0000000E+00
  0.0000000E+00
  0.0000000E+00
  0.0000000E+00
  0.0000000E+00
  0.0000000E+00
  0.0000000E+00
  0.0000000E+00
  1.6355700E-09
  0.0000000E+00
  0.0000000E+00
  2.1454474E-07
  0.0000000E+00
  0.0000000E+00
  0.0000000E+00
  0.0000000E+00
  0.0000000E+00
  0.0000000E+00
  0.0000000E+00
  5.3580241E-08
  0.0000000E+00
 -1.8040515E-08
  0.0000000E+00
  0.0000000E+00
  0.0000000E+00
  4.0087926E-07
  0.0000000E+00
 -1.4764557E-07
  0.0000000E+00
  0.0000000E+00
  0.0000000E+00
  0.0000000E+00
  0.0000000E+00
  0.0000000E+00
  0.0000000E+00
  6.9087612E-08
  0.0000000E+00
  0.0000000E+00
  0.0000000E+00
  0.0000000E+00
  0.0000000E+00
 -9.1540819E-08
  1.0342656E-07
  0.0000000E+00
  0.0000000E+00
  0.0000000E+00
  0.0000000E+00
  0.0000000E+00
  0.0000000E+00
  3.4404447E-08
  0.0000000E+00
  0.0000000E+00
  4.1206032E-08
  0.0000000E+00
  0.0000000E+00
  0.0000000E+00
  0.0000000E+00
 -1.5283888E-07
  0.0000000E+00
  0.0000000E+00
  0.0000000E+00
  0.0000000E+00
  0.0000000E+00
  0.0000000E+00
  0.0000000E+00
  0.0000000E+00
  0.0000000E+00
  0.0000000E+00
 -2.5155029E-07
  0.0000000E+00
  0.0000000E+00
  0.0000000E+00
  0.0000000E+00
  0.0000000E+00
  0.0000000E+00
  0.0000000E+00
  0.0000000E+00
  3.9195800E-08
  0.0000000E+00
  0.0000000E+00
  0.0000000E+00
  0.0000000E+00
  0.0000000E+00
  4.5464269E-08
 -4.0788461E-07
  0.0000000E+00
  1.7500794E-07
  0.0000000E+00
  0.0000000E+00
  0.0000000E+00
  9.3088367E-08
 -1.2837772E-07
  0.0000000E+00
  0.0000000E+00
  2.5948426E-08
  0.0000000E+00
  0.0000000E+00
  0.0000000E+00
  8.7563947E-08
  0.0000000E+00
  0.0000000E+00
  0.0000000E+00
  0.0000000E+00
  0.0000000E+00
  0.0000000E+00
  0.0000000E+00
  0.0000000E+00
  0.0000000E+00
  0.0000000E+00
  6.7344828E-08
  0.0000000E+00
  0.0000000E+00
  1.3379614E-07
  1.5636655E-08
  4.4477602E-08
  0.0000000E+00
  0.0000000E+00
  0.0000000E+00
  3.8572333E-07
  0.0000000E+00
  0.0000000E+00
  0.0000000E+00
  0.0000000E+00
  0.0000000E+00
  0.0000000E+00
  0.0000000E+00
 -6.1904075E-08
  0.0000000E+00
  0.0000000E+00
  1.6355700E-09
  0.0000000E+00
  1.6355700E-09
  0.0000000E+00
  0.0000000E+00
  1.6950052E-07
  1.6355700E-09
  0.0000000E+00
  0.0000000E+00
  0.0000000E+00
  0.0000000E+00
  0.0000000E+00
  5.1518452E-08
  0.0000000E+00
  0.0000000E+00
  0.0000000E+00
  1.1935111E-07
  0.0000000E+00
  0.0000000E+00
  0.0000000E+00
  0.0000000E+00
  0.0000000E+00
  0.0000000E+00
  6.5156833E-08
  5.8537690E-08
  3.2501472E-07
  0.0000000E+00
  1.4570182E-07
  0.0000000E+00
  0.0000000E+00
  0.0000000E+00
  0.0000000E+00
  0.0000000E+00
  0.0000000E+00
  0.0000000E+00
  0.0000000E+00
  1.6355700E-09
  0.0000000E+00
  0.0000000E+00
  0.0000000E+00
  0.0000000E+00
  0.0000000E+00
  0.0000000E+00
  6.4854397E-08
  0.0000000E+00
 -5.4849057E-08
  0.0000000E+00
  0.0000000E+00
 -1.1815271E-07
 -2.4023979E-08
  0.0000000E+00
  0.0000000E+00
  0.0000000E+00
 -6.7770941E-08
  0.0000000E+00
  0.0000000E+00
  0.0000000E+00
  0.0000000E+00
 -1.9305704E-08
  0.0000000E+00
 -1.1355492E-07
  0.0000000E+00
  0.0000000E+00
  0.0000000E+00
  0.0000000E+00
  0.0000000E+00
  0.0000000E+00
  0.0000000E+00
  2.0857455E-07
  0.0000000E+00
  0.0000000E+00
  0.0000000E+00
  0.0000000E+00
  0.0000000E+00
  0.0000000E+00
  0.0000000E+00
 -7.7656750E-08
  0.0000000E+00
  0.0000000E+00
  0.0000000E+00
  0.0000000E+00
  0.0000000E+00
 -6.4003508E-08
  0.0000000E+00
  0.0000000E+00
  0.0000000E+00
 -2.7291773E-07
  2.7508662E-08
  0.0000000E+00
  0.0000000E+00
  0.0000000E+00
  0.0000000E+00
  0.0000000E+00
  0.0000000E+00
  6.0982693E-08
  0.0000000E+00
  1.6355700E-09
 -2.2884821E-08
  0.0000000E+00
  0.0000000E+00
  0.0000000E+00
  0.0000000E+00
  1.0096606E-07
  0.0000000E+00
  0.0000000E+00
  0.0000000E+00
 -1.3704905E-08
  0.0000000E+00
  0.0000000E+00
  0.0000000E+00
  0.0000000E+00
  6.8788601E-08
  0.0000000E+00
  0.0000000E+00
  0.0000000E+00
  0.0000000E+00
 -1.3744501E-07
  1.4094699E-07
  0.0000000E+00
  1.3770948E-07
  0.0000000E+00
  0.0000000E+00
 -2.4974520E-07
  0.0000000E+00
  0.0000000E+00
  0.0000000E+00
  0.0000000E+00
  0.0000000E+00
  0.0000000E+00
  0.0000000E+00
  8.8498993E-08
  1.6355700E-09
  0.0000000E+00
  0.0000000E+00
  8.4034554E-08
  0.0000000E+00
  0.0000000E+00
  0.0000000E+00
  0.0000000E+00
  0.0000000E+00
  0.0000000E+00
  0.0000000E+00
  6.0833095E-08
  1.6353136E-08
  0.0000000E+00
  4.6706521E-08
  0.0000000E+00
  0.0000000E+00
  0.0000000E+00
  0.0000000E+00
  4.0596024E-08
  0.0000000E+00
  0.0000000E+00
  7.1224115E-08
  0.0000000E+00
  7.7175621E-08
  0.0000000E+00
  0.0000000E+00
  0.0000000E+00
  0.0000000E+00
  0.0000000E+00
  0.0000000E+00
  0.0000000E+00
  0.0000000E+00
 -2.0579392E-08
  0.0000000E+00
  0.0000000E+00
  0.0000000E+00
  0.0000000E+00
  0.0000000E+00
  0.0000000E+00
  0.0000000E+00
  1.2881011E-08
  1.8050681E-08
  0.0000000E+00
  0.0000000E+00
  0.0000000E+00
  4.2707459E-08
  2.8647085E-07
  0.0000000E+00
  0.0000000E+00
  6.3537790E-08
  5.5672409E-08
  0.0000000E+00
  0.0000000E+00
  0.0000000E+00
  0.0000000E+00
  0.0000000E+00
  0.0000000E+00
  0.0000000E+00
  0.0000000E+00
  0.0000000E+00
  0.0000000E+00
  0.0000000E+00
  0.0000000E+00
  0.0000000E+00
  0.0000000E+00
  7.6246458E-08
  0.0000000E+00
  0.0000000E+00
  0.0000000E+00
  0.0000000E+00
  0.0000000E+00
  0.0000000E+00
  0.0000000E+00
  0.0000000E+00
  0.0000000E+00
  0.0000000E+00
  0.0000000E+00
  0.0000000E+00
  0.0000000E+00
  3.0958014E-07
  0.0000000E+00
  0.0000000E+00
  0.0000000E+00
  0.0000000E+00
  0.0000000E+00
  0.0000000E+00
  5.0869415E-09
  1.4193705E-07
  0.0000000E+00
  0.0000000E+00
  0.0000000E+00
  0.0000000E+00
  0.0000000E+00
  0.0000000E+00
  0.0000000E+00
  0.0000000E+00
  1.4044124E-07
  8.6353509E-08
  0.0000000E+00
  0.0000000E+00
  0.0000000E+00
  0.0000000E+00
  0.0000000E+00
  0.0000000E+00
  0.0000000E+00
  0.0000000E+00
  1.6355700E-09
  0.0000000E+00
  0.0000000E+00
  1.2825636E-07
  0.0000000E+00
  0.0000000E+00
  0.0000000E+00
  0.0000000E+00
  0.0000000E+00
 -1.2766600E-08
  0.0000000E+00
  0.0000000E+00
  0.0000000E+00
  0.0000000E+00
  0.0000000E+00
 -3.2524301E-07
  0.0000000E+00
  0.0000000E+00
  0.0000000E+00
 -5.3690510E-08
  0.0000000E+00
  0.0000000E+00
  0.0000000E+00
  0.0000000E+00
  0.0000000E+00
  0.0000000E+00
 -1.6482691E-08
  0.0000000E+00
  0.0000000E+00
  0.0000000E+00
  0.0000000E+00
  0.0000000E+00
  1.9491962E-08
  0.0000000E+00
  0.0000000E+00
  0.0000000E+00
  0.0000000E+00
  0.0000000E+00
  0.0000000E+00
  0.0000000E+00
  0.0000000E+00
  0.0000000E+00
 -2.6786187E-08
  0.0000000E+00
  1.1945434E-07
 -3.8163162E-08
  4.7458883E-08
  0.0000000E+00
  0.0000000E+00
  0.0000000E+00
  0.0000000E+00
  1.9661633E-07
  0.0000000E+00
  0.0000000E+00
  1.6355700E-09
  0.0000000E+00
  0.0000000E+00
  0.0000000E+00
  0.0000000E+00
  0.0000000E+00
  6.1187031E-08
  0.0000000E+00
  0.0000000E+00
  0.0000000E+00
  0.0000000E+00
  1.6355700E-09
  0.0000000E+00
  0.0000000E+00
  0.0000000E+00
  1.7717633E-07
  0.0000000E+00
  0.0000000E+00
  0.0000000E+00
  0.0000000E+00
 -2.5341626E-07
  0.0000000E+00
  0.0000000E+00
  0.0000000E+00
 -2.2275360E-07
 -1.5261256E-07
  0.0000000E+00
  7.0877363E-08
  0.0000000E+00
  0.0000000E+00
  0.0000000E+00
  0.0000000E+00
  0.0000000E+00
  0.0000000E+00
 -4.4461832E-08
  0.0000000E+00
  2.7402169E-08
  0.0000000E+00
  0.0000000E+00
 -9.8344863E-08
  5.5343715E-08
  0.0000000E+00
  0.0000000E+00
  0.0000000E+00
  0.0000000E+00
  4.6220119E-08
  1.0760925E-07
  0.0000000E+00
  0.0000000E+00
  0.0000000E+00
  0.0000000E+00
 -2.6366290E-08
  0.0000000E+00
  0.0000000E+00
  0.0000000E+00
  0.0000000E+00
  0.0000000E+00
  0.0000000E+00
  0.0000000E+00
  0.0000000E+00
  0.0000000E+00
 -1.1650310E-07
  0.0000000E+00
  1.6355700E-09
 -3.3595899E-08
 -3.3405591E-08
  0.0000000E+00
  2.2593612E-08
  0.0000000E+00
  0.0000000E+00
  0.0000000E+00
  0.0000000E+00
 -4.5086924E-08
  0.0000000E+00
  2.2639028E-08
  0.0000000E+00
  0.0000000E+00
  2.8818317E-08
  6.4184276E-09
  0.0000000E+00
  0.0000000E+00
  0.0000000E+00
  0.0000000E+00
  0.0000000E+00
  0.0000000E+00
  0.0000000E+00
  0.0000000E+00
  8.8974247E-08
  0.0000000E+00
  0.0000000E+00
  0.0000000E+00
  0.0000000E+00
  0.0000000E+00
  0.0000000E+00
  0.0000000E+00
  0.0000000E+00
  0.0000000E+00
  0.0000000E+00
  0.0000000E+00
  0.0000000E+00
 -4.9410811E-08
  4.9124321E-08
  0.0000000E+00
  0.0000000E+00
  9.0532190E-08
  1.0626183E-08
  0.0000000E+00
  0.0000000E+00
  0.0000000E+00
  0.0000000E+00
  1.2258771E-07
  0.0000000E+00
  0.0000000E+00
  0.0000000E+00
  0.0000000E+00
  2.7221365E-08
  0.0000000E+00
  0.0000000E+00
  0.0000000E+00
  7.1913668E-08
  0.0000000E+00
  0.0000000E+00
  0.0000000E+00
  0.0000000E+00
  0.0000000E+00
  0.0000000E+00
  0.0000000E+00
  0.0000000E+00
  1.8779402E-07
  0.0000000E+00
  7.1097034E-08
  5.3493167E-08
  0.0000000E+00
  0.0000000E+00
 -5.2404083E-08
  0.0000000E+00
  0.0000000E+00
  0.0000000E+00
  0.0000000E+00
  0.0000000E+00
  0.0000000E+00
  0.0000000E+00
 -3.7948841E-08
  0.0000000E+00
  0.0000000E+00
  0.0000000E+00
  0.0000000E+00
  0.0000000E+00
  0.0000000E+00
  0.0000000E+00
  0.0000000E+00
  0.0000000E+00
  0.0000000E+00
  0.0000000E+00
  2.7637093E-08
  0.0000000E+00
  0.0000000E+00
  1.8536745E-07
  1.6981274E-07
  4.7845486E-08
  0.0000000E+00
  0.0000000E+00
  0.0000000E+00
  0.0000000E+00
  1.6355700E-09
  0.0000000E+00
 -1.7827862E-08
 -4.1685880E-08
  0.0000000E+00
  0.0000000E+00
  0.0000000E+00
  0.0000000E+00
  0.0000000E+00
  0.0000000E+00
  0.0000000E+00
  0.0000000E+00
  0.0000000E+00
  0.0000000E+00
  0.0000000E+00
  0.0000000E+00
  0.0000000E+00
  0.0000000E+00
  0.0000000E+00
  1.7395008E-07
  0.0000000E+00
  0.0000000E+00
  0.0000000E+00
  0.0000000E+00
  0.0000000E+00
  0.0000000E+00
  0.0000000E+00
  0.0000000E+00
 -5.3899800E-08
  0.0000000E+00
  0.0000000E+00
  1.1435191E-07
  0.0000000E+00
  0.0000000E+00
  0.0000000E+00
  0.0000000E+00
  0.0000000E+00
  0.0000000E+00
  0.0000000E+00
  1.3897578E-07
  0.0000000E+00
  0.0000000E+00
  0.0000000E+00
  0.0000000E+00
  8.7815614E-08
  0.0000000E+00
  0.0000000E+00
  0.0000000E+00
  0.0000000E+00
  1.5603059E-07
  0.0000000E+00
  0.0000000E+00
  0.0000000E+00
  0.0000000E+00
  0.0000000E+00
  0.0000000E+00
  0.0000000E+00
  0.0000000E+00
  0.0000000E+00
  0.0000000E+00
 -3.0268407E-07
 -1.0815312E-08
  0.0000000E+00
  0.0000000E+00
  0.0000000E+00
  0.0000000E+00
  6.9162176E-08
  0.0000000E+00
  0.0000000E+00
  0.0000000E+00
  0.0000000E+00
  0.0000000E+00
  0.0000000E+00
  0.0000000E+00
  0.0000000E+00
  0.0000000E+00
  0.0000000E+00
  1.5299982E-08
  0.0000000E+00
  0.0000000E+00
  0.0000000E+00
  5.2918580E-08
  0.0000000E+00
  0.0000000E+00
  0.0000000E+00
  2.6831509E-08
  0.0000000E+00
  0.0000000E+00
  0.0000000E+00
 -5.2750131E-08
  0.0000000E+00
  0.0000000E+00
  2.6359613E-08
  0.0000000E+00
  0.0000000E+00
  0.0000000E+00
  0.0000000E+00
  0.0000000E+00
  0.0000000E+00
  0.0000000E+00
  0.0000000E+00
  0.0000000E+00
  0.0000000E+00
  0.0000000E+00
  0.0000000E+00
  0.0000000E+00
  0.0000000E+00
  0.0000000E+00
  1.5832302E-07
  0.0000000E+00
  0.0000000E+00
  0.0000000E+00
  0.0000000E+00
  0.0000000E+00
  0.0000000E+00
  0.0000000E+00
  0.0000000E+00
  0.0000000E+00
  0.0000000E+00
  0.0000000E+00
  0.0000000E+00
  0.0000000E+00
  1.0398239E-07
  0.0000000E+00
  0.0000000E+00
  0.0000000E+00
  0.0000000E+00
  0.0000000E+00
  1.9521545E-07
  0.0000000E+00
  0.0000000E+00
  0.0000000E+00
  0.0000000E+00
 -2.8142256E-07
  0.0000000E+00
  1.6355700E-09
  1.7619039E-08
  0.0000000E+00
  0.0000000E+00
  0.0000000E+00
  0.0000000E+00
  0.0000000E+00
  0.0000000E+00
  4.1308660E-08
  0.0000000E+00
 -6.4331104E-08
  0.0000000E+00
  0.0000000E+00
  0.0000000E+00
  0.0000000E+00
  0.0000000E+00
  0.0000000E+00
  0.0000000E+00
  0.0000000E+00
  0.0000000E+00
  0.0000000E+00
  0.0000000E+00
  5.5368105E-08
  0.0000000E+00
  9.4287984E-08
  0.0000000E+00
  0.0000000E+00
  0.0000000E+00
  0.0000000E+00
  0.0000000E+00
  7.0465347E-08
  0.0000000E+00
  0.0000000E+00
  2.5706373E-07
  8.1776143E-08
  0.0000000E+00
  0.0000000E+00
  0.0000000E+00
  5.0375718E-07
 -5.7363941E-08
 -2.0362537E-08
 -3.1297553E-08
  0.0000000E+00
  0.0000000E+00
  0.0000000E+00
  0.0000000E+00
 -2.9938001E-08
  0.0000000E+00
  0.0000000E+00
  0.0000000E+00
  0.0000000E+00
  0.0000000E+00
  0.0000000E+00
  0.0000000E+00
 -8.7329513E-09
  0.0000000E+00
  0.0000000E+00
  0.0000000E+00
  1.2078105E-07
 -1.4150710E-07
  0.0000000E+00
 -2.4498855E-08
  0.0000000E+00
  0.0000000E+00
  0.0000000E+00
  0.0000000E+00
  0.0000000E+00
  0.0000000E+00
  0.0000000E+00
  0.0000000E+00
  7.6336576E-08
  0.0000000E+00
  0.0000000E+00
  4.4243702E-08
  0.0000000E+00
  0.0000000E+00
  0.0000000E+00
  0.0000000E+00
  0.0000000E+00
 -1.5618991E-07
  0.0000000E+00
  0.0000000E+00
 -7.7022655E-08
  0.0000000E+00
 -1.0982512E-07
  0.0000000E+00
  0.0000000E+00
  0.0000000E+00
  0.0000000E+00
  0.0000000E+00
  0.0000000E+00
 -1.8028395E-08
  6.6035909E-08
  0.0000000E+00
  0.0000000E+00
 -1.0830283E-07
  0.0000000E+00
  0.0000000E+00
  6.7794836E-08
  0.0000000E+00
  0.0000000E+00
  0.0000000E+00
  0.0000000E+00
  0.0000000E+00
  0.0000000E+00
  4.7995464E-08
  1.7063593E-07
  0.0000000E+00
  0.0000000E+00
  0.0000000E+00
  0.0000000E+00
  0.0000000E+00
  0.0000000E+00
  2.8333529E-08
  0.0000000E+00
  0.0000000E+00
  0.0000000E+00
  0.0000000E+00
  0.0000000E+00
  0.0000000E+00
  5.3490712E-08
  0.0000000E+00
  0.0000000E+00
  0.0000000E+00
  0.0000000E+00
  0.0000000E+00
  0.0000000E+00
 -2.8795430E-08
  5.5461836E-08
  0.0000000E+00
  0.0000000E+00
  1.5608676E-07
  0.0000000E+00
  0.0000000E+00
 -5.3532879E-08
  0.0000000E+00
  0.0000000E+00
  0.0000000E+00
  0.0000000E+00
  0.0000000E+00
  0.0000000E+00
  0.0000000E+00
  9.2964690E-08
  0.0000000E+00
  0.0000000E+00
 -1.1210495E-07
  0.0000000E+00
  7.4173961E-08
  0.0000000E+00
  0.0000000E+00
  0.0000000E+00
  0.0000000E+00
  0.0000000E+00
  0.0000000E+00
  0.0000000E+00
  0.0000000E+00
  0.0000000E+00
  1.4546733E-07
 -3.9780264E-07
 -2.1026036E-08
  0.0000000E+00
  0.0000000E+00
  0.0000000E+00
  0.0000000E+00
  0.0000000E+00
  0.0000000E+00
  0.0000000E+00
  0.0000000E+00
  1.1885705E-07
  0.0000000E+00
  0.0000000E+00
  0.0000000E+00
 -3.2951341E-08
  0.0000000E+00
  0.0000000E+00
  1.6355700E-09
  0.0000000E+00
  0.0000000E+00
  0.0000000E+00
  0.0000000E+00
  0.0000000E+00
  0.0000000E+00
  0.0000000E+00
  0.0000000E+00
 -3.5102268E-08
  0.0000000E+00
  0.0000000E+00
  0.0000000E+00
  2.0554617E-07
  0.0000000E+00
  2.4531950E-08
  0.0000000E+00
  0.0000000E+00
  2.8031826E-07
  0.0000000E+00
  0.0000000E+00
  0.0000000E+00
  0.0000000E+00
  0.0000000E+00
  0.0000000E+00
  0.0000000E+00
  2.0082119E-08
  0.0000000E+00
  0.0000000E+00
  0.0000000E+00
  1.4310442E-08
 -1.1185804E-07
 -1.5745099E-08
  0.0000000E+00
 -3.4485208E-07
  0.0000000E+00
  6.7869323E-08
  0.0000000E+00
  0.0000000E+00
  0.0000000E+00
  0.0000000E+00
  0.0000000E+00
 -1.4969609E-07
  0.0000000E+00
  0.0000000E+00
  0.0000000E+00
  0.0000000E+00
  0.0000000E+00
  0.0000000E+00
  2.8469029E-07
  0.0000000E+00
  0.0000000E+00
  0.0000000E+00
  0.0000000E+00
  0.0000000E+00
  0.0000000E+00
  0.0000000E+00
  0.0000000E+00
  0.0000000E+00
 -1.8257028E-07
 -5.6354132E-08
  0.0000000E+00
  0.0000000E+00
  0.0000000E+00
 -3.7884909E-08
  0.0000000E+00
  0.0000000E+00
  0.0000000E+00
  0.0000000E+00
  0.0000000E+00
  0.0000000E+00
  0.0000000E+00
  0.0000000E+00
  0.0000000E+00
  4.1807414E-08
  4.1579082E-08
  0.0000000E+00
  0.0000000E+00
  0.0000000E+00
  0.0000000E+00
  0.0000000E+00
  0.0000000E+00
  0.0000000E+00
  8.4718735E-08
  0.0000000E+00
  0.0000000E+00
  0.0000000E+00
  0.0000000E+00
  3.3964503E-07
  5.9865947E-08
  0.0000000E+00
  0.0000000E+00
  0.0000000E+00
  0.0000000E+00
 -2.7500715E-08
  5.0961781E-08
  0.0000000E+00
  1.8012707E-07
  0.0000000E+00
  2.7608587E-08
  0.0000000E+00
  0.0000000E+00
  0.0000000E+00
  0.0000000E+00
  0.0000000E+00
  0.0000000E+00
  0.0000000E+00
  0.0000000E+00
  9.5262656E-08
  1.6355700E-09
 -7.9663751E-09
  0.0000000E+00
  0.0000000E+00
 -7.7247925E-08
  0.0000000E+00
  0.0000000E+00
 -1.8353296E-08
  0.0000000E+00
  0.0000000E+00
  0.0000000E+00
  0.0000000E+00
  1.1530558E-07
  0.0000000E+00
  0.0000000E+00
  0.0000000E+00
  0.0000000E+00
 -1.0960357E-08
  0.0000000E+00
  0.0000000E+00
 -1.5499545E-08
  0.0000000E+00
  0.0000000E+00
  0.0000000E+00
  0.0000000E+00
  0.0000000E+00
  0.0000000E+00
 -3.3681332E-07
  4.6994508E-08
  0.0000000E+00
  1.3656290E-07
  0.0000000E+00
  2.9687174E-08
  0.0000000E+00
  0.0000000E+00
  0.0000000E+00
  0.0000000E+00
  0.0000000E+00
  0.0000000E+00
  0.0000000E+00
  0.0000000E+00
  0.0000000E+00
  0.0000000E+00
  4.4869349E-08
  0.0000000E+00
  0.0000000E+00
  0.0000000E+00
  7.0015460E-08
  0.0000000E+00
 -1.8158183E-08
  0.0000000E+00
  0.0000000E+00
 -1.9579158E-08
  0.0000000E+00
  0.0000000E+00
  0.0000000E+00
 -7.1186084E-09
  0.0000000E+00
  0.0000000E+00
  0.0000000E+00
  0.0000000E+00
  0.0000000E+00
  0.0000000E+00
  0.0000000E+00
  0.0000000E+00
  0.0000000E+00
  0.0000000E+00
  0.0000000E+00
  0.0000000E+00
  0.0000000E+00
  0.0000000E+00
  0.0000000E+00
  1.7627508E-08
  0.0000000E+00
  0.0000000E+00
  0.0000000E+00
  0.0000000E+00
 -2.3645340E-08
 -1.9062459E-07
  0.0000000E+00
  0.0000000E+00
  0.0000000E+00
  0.0000000E+00
  0.0000000E+00
  0.0000000E+00
  3.5403058E-08
 -2.2452372E-08
  0.0000000E+00
  0.0000000E+00
  0.0000000E+00
  0.0000000E+00
  0.0000000E+00
  0.0000000E+00
  0.0000000E+00
  0.0000000E+00
  0.0000000E+00
  0.0000000E+00
  0.0000000E+00
  0.0000000E+00
 -7.8079587E-08
  0.0000000E+00
  0.0000000E+00
  0.0000000E+00
  0.0000000E+00
  0.0000000E+00
  0.0000000E+00
  0.0000000E+00
 -5.8039991E-08
  0.0000000E+00
  0.0000000E+00
  0.0000000E+00
  0.0000000E+00
  0.0000000E+00
  0.0000000E+00
  0.0000000E+00
  3.0271142E-08
  0.0000000E+00
  0.0000000E+00
  0.0000000E+00
  0.0000000E+00
 -5.0053153E-08
  0.0000000E+00
  0.0000000E+00
  0.0000000E+00
  0.0000000E+00
  0.0000000E+00
  0.0000000E+00
  0.0000000E+00
  0.0000000E+00
  0.0000000E+00
  0.0000000E+00
  0.0000000E+00
  0.0000000E+00
  2.7206516E-08
  0.0000000E+00
  0.0000000E+00
  0.0000000E+00
  0.0000000E+00
  0.0000000E+00
  0.0000000E+00
  0.0000000E+00
  0.0000000E+00
  0.0000000E+00
  0.0000000E+00
  0.0000000E+00
  1.3983191E-07
  0.0000000E+00
  0.0000000E+00
  0.0000000E+00
  3.9957243E-08
  8.5618879E-08
  3.4745258E-07
  5.9365600E-08
  0.0000000E+00
  0.0000000E+00
  0.0000000E+00
  0.0000000E+00
  0.0000000E+00
  0.0000000E+00
  3.6113391E-08
  0.0000000E+00
  0.0000000E+00
  0.0000000E+00
  0.0000000E+00
  0.0000000E+00
  0.0000000E+00
  0.0000000E+00
  0.0000000E+00
 -8.1836383E-08
  0.0000000E+00
  0.0000000E+00
  0.0000000E+00
  0.0000000E+00
  0.0000000E+00
  0.0000000E+00
  0.0000000E+00
  0.0000000E+00
  0.0000000E+00
 -8.2579811E-07
  0.0000000E+00
  0.0000000E+00
  0.0000000E+00
  0.0000000E+00
  1.9716927E-08
  0.0000000E+00
 -5.4272476E-08
  0.0000000E+00
  0.0000000E+00
 -3.1830432E-08
  0.0000000E+00
  0.0000000E+00
 -9.6855771E-08
  0.0000000E+00
  6.4597643E-08
  0.0000000E+00
 -1.4980544E-07
  0.0000000E+00
  0.0000000E+00
  0.0000000E+00
  0.0000000E+00
  0.0000000E+00
  0.0000000E+00
  0.0000000E+00
  0.0000000E+00
  0.0000000E+00
  1.6355700E-09
  0.0000000E+00
  0.0000000E+00
  0.0000000E+00
  0.0000000E+00
  0.0000000E+00
  0.0000000E+00
  0.0000000E+00
  2.0952696E-08
  0.0000000E+00
 -4.5068984E-07
  0.0000000E+00
  0.0000000E+00
  0.0000000E+00
  0.0000000E+00
  0.0000000E+00
  0.0000000E+00
  0.0000000E+00
  0.0000000E+00
  0.0000000E+00
  0.0000000E+00
  0.0000000E+00
  0.0000000E+00
  6.9715625E-08
  0.0000000E+00
  0.0000000E+00
  0.0000000E+00
  0.0000000E+00
  0.0000000E+00
  0.0000000E+00
  0.0000000E+00
  0.0000000E+00
 -8.9055550E-07
  0.0000000E+00
  0.0000000E+00
  0.0000000E+00
 -4.8400256E-08
  0.0000000E+00
 -2.4134474E-07
  0.0000000E+00
  0.0000000E+00
  0.0000000E+00
 -3.6640188E-08
  0.0000000E+00
  0.0000000E+00
  1.7391830E-08
  0.0000000E+00
  0.0000000E+00
  2.9619352E-07
  0.0000000E+00
  0.0000000E+00
  0.0000000E+00
  0.0000000E+00
  0.0000000E+00
  0.0000000E+00
  0.0000000E+00
  0.0000000E+00
  0.0000000E+00
  0.0000000E+00
  0.0000000E+00
  0.0000000E+00
  0.0000000E+00
 -6.0501307E-08
  0.0000000E+00
  0.0000000E+00
  0.0000000E+00
  0.0000000E+00
  5.6246714E-09
  0.0000000E+00
  0.0000000E+00
  7.6933810E-09
  0.0000000E+00
  0.0000000E+00
  0.0000000E+00
  0.0000000E+00
  0.0000000E+00
  0.0000000E+00
  0.0000000E+00
  0.0000000E+00
  0.0000000E+00
 -1.0566540E-08
  0.0000000E+00
  0.0000000E+00
  0.0000000E+00
  0.0000000E+00
 -6.0560708E-08
  0.0000000E+00
  0.0000000E+00
  0.0000000E+00
  0.0000000E+00
  3.5399044E-08
  5.5409281E-08
  2.0958124E-08
  0.0000000E+00
  0.0000000E+00
  0.0000000E+00
  0.0000000E+00
  0.0000000E+00
  0.0000000E+00
 -6.9786999E-08
  0.0000000E+00
  4.4626862E-08
  0.0000000E+00
  0.0000000E+00
  0.0000000E+00
  0.0000000E+00
  0.0000000E+00
  0.0000000E+00
  0.0000000E+00
  0.0000000E+00
  0.0000000E+00
  0.0000000E+00
  0.0000000E+00
  0.0000000E+00
  0.0000000E+00
  0.0000000E+00
  0.0000000E+00
  0.0000000E+00
  0.0000000E+00
 -2.7305186E-08
  0.0000000E+00
 -5.1580065E-07
  3.9003115E-07
  0.0000000E+00
  0.0000000E+00
  0.0000000E+00
  0.0000000E+00
 -5.8372475E-08
  0.0000000E+00
  6.4177428E-08
  0.0000000E+00
  1.7220199E-08
  0.0000000E+00
  5.3888813E-09
  0.0000000E+00
  0.0000000E+00
  0.0000000E+00
  1.1185870E-08
  0.0000000E+00
 -3.4745597E-08
  0.0000000E+00
  0.0000000E+00
  0.0000000E+00
 -6.2378980E-08
  0.0000000E+00
  0.0000000E+00
  1.3571157E-07
  0.0000000E+00
  0.0000000E+00
  0.0000000E+00
  0.0000000E+00
  0.0000000E+00
  0.0000000E+00
  0.0000000E+00
  0.0000000E+00
  0.0000000E+00
  0.0000000E+00
  0.0000000E+00
  0.0000000E+00
  0.0000000E+00
  0.0000000E+00
  0.0000000E+00
  0.0000000E+00
  0.0000000E+00
  0.0000000E+00
  1.6355700E-09
  0.0000000E+00
  0.0000000E+00
  0.0000000E+00
  0.0000000E+00
  0.0000000E+00
  0.0000000E+00
  0.0000000E+00
  0.0000000E+00
  0.0000000E+00
  0.0000000E+00
  0.0000000E+00
  0.0000000E+00
  0.0000000E+00
  0.0000000E+00
  4.5318131E-08
  0.0000000E+00
  0.0000000E+00
  0.0000000E+00
  1.6355700E-09
  1.7232043E-07
  0.0000000E+00
  0.0000000E+00
  0.0000000E+00
  0.0000000E+00
  0.0000000E+00
  0.0000000E+00
  0.0000000E+00
  0.0000000E+00
  0.0000000E+00
  0.0000000E+00
  0.0000000E+00
  0.0000000E+00
  0.0000000E+00
  0.0000000E+00
  0.0000000E+00
  0.0000000E+00
  0.0000000E+00
  0.0000000E+00
  0.0000000E+00
  0.0000000E+00
  0.0000000E+00
  0.0000000E+00
  0.0000000E+00
  0.0000000E+00
  0.0000000E+00
  0.0000000E+00
  0.0000000E+00
  0.0000000E+00
  0.0000000E+00
  0.0000000E+00
  0.0000000E+00
  0.0000000E+00
  2.9477949E-08
  0.0000000E+00
  0.0000000E+00
  0.0000000E+00
  0.0000000E+00
  0.0000000E+00
  0.0000000E+00
  0.0000000E+00
  0.0000000E+00
 -1.3488960E-08
  0.0000000E+00
  0.0000000E+00
  1.6355700E-09
  0.0000000E+00
  0.0000000E+00
  0.0000000E+00
  0.0000000E+00
  0.0000000E+00
  0.0000000E+00
 -3.8626847E-08
  0.0000000E+00
  0.0000000E+00
  0.0000000E+00
  0.0000000E+00
  0.0000000E+00
  0.0000000E+00
  0.0000000E+00
  1.7991893E-07
  2.2696931E-08
  0.0000000E+00
  0.0000000E+00
  1.1705321E-08
  0.0000000E+00
  0.0000000E+00
 -1.3340363E-07
  0.0000000E+00
  0.0000000E+00
 -3.4600045E-08
  0.0000000E+00
  5.0773089E-08
  0.0000000E+00
  0.0000000E+00
  0.0000000E+00
  0.0000000E+00
  3.2158361E-08
  0.0000000E+00
  0.0000000E+00
  0.0000000E+00
  0.0000000E+00
  0.0000000E+00
  0.0000000E+00
  0.0000000E+00
  0.0000000E+00
  0.0000000E+00
  0.0000000E+00
  0.0000000E+00
  0.0000000E+00
  0.0000000E+00
  0.0000000E+00
  0.0000000E+00
  0.0000000E+00
  3.3236205E-08
 -7.1293321E-08
  0.0000000E+00
 -4.4776893E-08
  0.0000000E+00
  0.0000000E+00
  0.0000000E+00
  0.0000000E+00
  0.0000000E+00
  0.0000000E+00
  0.0000000E+00
  4.8698695E-08
  0.0000000E+00
  0.0000000E+00
  0.0000000E+00
  0.0000000E+00
  0.0000000E+00
  0.0000000E+00
  0.0000000E+00
  0.0000000E+00
  0.0000000E+00
 -2.4102317E-08
  3.7406778E-07
  0.0000000E+00
 -9.9747140E-08
  0.0000000E+00
  0.0000000E+00
  0.0000000E+00
  2.8856839E-08
  0.0000000E+00
  0.0000000E+00
  0.0000000E+00
  0.0000000E+00
  4.5056268E-08
  0.0000000E+00
 -1.7877202E-08
  0.0000000E+00
  0.0000000E+00
  0.0000000E+00
  0.0000000E+00
  0.0000000E+00
  0.0000000E+00
 -2.2865981E-08
  0.0000000E+00
  0.0000000E+00
  0.0000000E+00
  0.0000000E+00
  0.0000000E+00
  0.0000000E+00
  0.0000000E+00
  0.0000000E+00
  0.0000000E+00
  4.1951782E-08
 -4.2971521E-08
  0.0000000E+00
  0.0000000E+00
  0.0000000E+00
  0.0000000E+00
  0.0000000E+00
  0.0000000E+00
  0.0000000E+00
  0.0000000E+00
  0.0000000E+00
  0.0000000E+00
 -4.1296325E-08
  0.0000000E+00
  0.0000000E+00
  0.0000000E+00
  0.0000000E+00
  0.0000000E+00
  0.0000000E+00
  7.0213844E-08
  0.0000000E+00
  0.0000000E+00
  0.0000000E+00
  0.0000000E+00
 -5.7978065E-07
  0.0000000E+00
  2.7366449E-08
  0.0000000E+00
 -3.4588112E-08
  0.0000000E+00
  0.0000000E+00
  3.5181699E-08
 -1.0003308E-07
 -2.3655101E-08
  0.0000000E+00
  0.0000000E+00
  0.0000000E+00
  0.0000000E+00
  0.0000000E+00
  3.4730279E-09
  0.0000000E+00
  1.6355700E-09
  0.0000000E+00
  0.0000000E+00
  0.0000000E+00
  0.0000000E+00
  0.0000000E+00
  0.0000000E+00
  5.2228728E-08
  0.0000000E+00
  0.0000000E+00
  0.0000000E+00
  0.0000000E+00
 -2.1850466E-08
  1.3659080E-07
  0.0000000E+00
  0.0000000E+00
  0.0000000E+00
  0.0000000E+00
  0.0000000E+00
  0.0000000E+00
 -2.3880253E-07
  0.0000000E+00
  7.1153487E-08
  0.0000000E+00
  0.0000000E+00
  0.0000000E+00
  0.0000000E+00
  0.0000000E+00
  0.0000000E+00
  0.0000000E+00
  2.6297462E-07
  0.0000000E+00
  0.0000000E+00
  0.0000000E+00
  0.0000000E+00
  0.0000000E+00
  3.5768159E-07
  0.0000000E+00
  0.0000000E+00
  4.3470081E-08
  0.0000000E+00
  0.0000000E+00
  2.1402496E-08
  0.0000000E+00
  0.0000000E+00
  0.0000000E+00
  0.0000000E+00
  0.0000000E+00
  0.0000000E+00
  0.0000000E+00
  0.0000000E+00
  0.0000000E+00
 -3.3504282E-08
 -9.1716409E-08
  2.9287781E-08
  0.0000000E+00
  3.9085299E-07
  0.0000000E+00
  0.0000000E+00
  0.0000000E+00
  0.0000000E+00
  0.0000000E+00
  0.0000000E+00
  0.0000000E+00
  0.0000000E+00
  0.0000000E+00
  0.0000000E+00
  0.0000000E+00
  0.0000000E+00
 -1.0379139E-07
  0.0000000E+00
  0.0000000E+00
  0.0000000E+00
  0.0000000E+00
  0.0000000E+00
  0.0000000E+00
  0.0000000E+00
  0.0000000E+00
  0.0000000E+00
  0.0000000E+00
  0.0000000E+00
  6.2434140E-08
  0.0000000E+00
  0.0000000E+00
  0.0000000E+00
  0.0000000E+00
 -3.5755150E-08
  1.5372206E-07
  0.0000000E+00
  0.0000000E+00
  0.0000000E+00
  0.0000000E+00
  0.0000000E+00
  0.0000000E+00
  0.0000000E+00
  0.0000000E+00
  0.0000000E+00
  5.4008300E-08
  8.3155413E-08
  0.0000000E+00
  0.0000000E+00
  0.0000000E+00
  0.0000000E+00
  1.1187817E-07
  0.0000000E+00
  0.0000000E+00
 -3.4441303E-08
  0.0000000E+00
  0.0000000E+00
  1.8466730E-08
  0.0000000E+00
  4.8333842E-08
  1.6839325E-08
  1.6355700E-09
  0.0000000E+00
  0.0000000E+00
  0.0000000E+00
  2.3967905E-07
  0.0000000E+00
 -5.8152512E-08
 -2.4667489E-08
  5.4140674E-08
  0.0000000E+00
  1.7235383E-08
  0.0000000E+00
  0.0000000E+00
 -4.4664670E-08
  0.0000000E+00
  0.0000000E+00
  0.0000000E+00
  0.0000000E+00
  0.0000000E+00
  0.0000000E+00
  0.0000000E+00
  0.0000000E+00
  0.0000000E+00
  1.1157373E-07
  0.0000000E+00
  0.0000000E+00
  0.0000000E+00
  0.0000000E+00
  0.0000000E+00
  0.0000000E+00
  0.0000000E+00
  4.8401994E-08
  0.0000000E+00
  0.0000000E+00
  0.0000000E+00
  0.0000000E+00
  0.0000000E+00
  0.0000000E+00
  0.0000000E+00
  0.0000000E+00
 -1.3181143E-07
  0.0000000E+00
  0.0000000E+00
  0.0000000E+00
  0.0000000E+00
 -8.7202061E-08
  0.0000000E+00
  0.0000000E+00
  0.0000000E+00
 -3.3146208E-08
  0.0000000E+00
  0.0000000E+00
  0.0000000E+00
  0.0000000E+00
  0.0000000E+00
  0.0000000E+00
  0.0000000E+00
  0.0000000E+00
  0.0000000E+00
  0.0000000E+00
  0.0000000E+00
  0.0000000E+00
 -8.4608359E-08
  0.0000000E+00
  4.9512199E-08
 -3.0583112E-07
  0.0000000E+00
  0.0000000E+00
  0.0000000E+00
 -4.6737473E-08
  0.0000000E+00
  0.0000000E+00
  0.0000000E+00
  1.0427076E-07
 -1.5622631E-07
  0.0000000E+00
  0.0000000E+00
  0.0000000E+00
  0.0000000E+00
  0.0000000E+00
  0.0000000E+00
  0.0000000E+00
  0.0000000E+00
 -1.0525427E-07
  0.0000000E+00
  0.0000000E+00
  0.0000000E+00
  0.0000000E+00
  0.0000000E+00
  0.0000000E+00
  0.0000000E+00
  0.0000000E+00
  0.0000000E+00
  0.0000000E+00
  1.6355700E-09
  0.0000000E+00
  0.0000000E+00
  4.7444082E-08
  0.0000000E+00
  0.0000000E+00
  0.0000000E+00
 -2.0728287E-07
  0.0000000E+00
  0.0000000E+00
  0.0000000E+00
  1.4763593E-07
  0.0000000E+00
  0.0000000E+00
  0.0000000E+00
  0.0000000E+00
  0.0000000E+00
  0.0000000E+00
  0.0000000E+00
  0.0000000E+00
  0.0000000E+00
  0.0000000E+00
  0.0000000E+00
 -5.4963110E-08
  0.0000000E+00
 -1.4748279E-08
  6.6351710E-08
  0.0000000E+00
  0.0000000E+00
  0.0000000E+00
  0.0000000E+00
  1.0236688E-07
  0.0000000E+00
  0.0000000E+00
  0.0000000E+00
 -4.7661963E-08
  0.0000000E+00
  8.3813276E-08
  5.6559440E-08
  0.0000000E+00
  0.0000000E+00
  0.0000000E+00
  1.3013498E-07
  0.0000000E+00
  0.0000000E+00
  0.0000000E+00
  0.0000000E+00
  0.0000000E+00
  0.0000000E+00
  4.7266472E-08
 -1.0946300E-07
  0.0000000E+00
  0.0000000E+00
  0.0000000E+00
  0.0000000E+00
  0.0000000E+00
  0.0000000E+00
  0.0000000E+00
  0.0000000E+00
  0.0000000E+00
  0.0000000E+00
  0.0000000E+00
  0.0000000E+00
  0.0000000E+00
  0.0000000E+00
  0.0000000E+00
  0.0000000E+00
  0.0000000E+00
  0.0000000E+00
  0.0000000E+00
  9.8404449E-08
  0.0000000E+00
  0.0000000E+00
  0.0000000E+00
  0.0000000E+00
  0.0000000E+00
  0.0000000E+00
  0.0000000E+00
  0.0000000E+00
  0.0000000E+00
  0.0000000E+00
  0.0000000E+00
  0.0000000E+00
  0.0000000E+00
  0.0000000E+00
  0.0000000E+00
  0.0000000E+00
  0.0000000E+00
  0.0000000E+00
  0.0000000E+00
  0.0000000E+00
  0.0000000E+00
  0.0000000E+00
  0.0000000E+00
  0.0000000E+00
  0.0000000E+00
 -3.5459255E-08
  0.0000000E+00
  0.0000000E+00
  6.1171647E-08
  0.0000000E+00
  6.0857623E-08
  0.0000000E+00
  0.0000000E+00
  0.0000000E+00
  0.0000000E+00
  0.0000000E+00
  0.0000000E+00
 -3.1171417E-08
  0.0000000E+00
  0.0000000E+00
  0.0000000E+00
  5.9875225E-07
  0.0000000E+00
  1.6355700E-09
  0.0000000E+00
  0.0000000E+00
  0.0000000E+00
 -1.2148197E-07
  0.0000000E+00
  0.0000000E+00
  0.0000000E+00
  0.0000000E+00
  0.0000000E+00
  0.0000000E+00
  0.0000000E+00
  0.0000000E+00
  0.0000000E+00
 -2.7720684E-08
  0.0000000E+00
  8.9911921E-08
  1.7620910E-07
  0.0000000E+00
 -1.5855626E-07
  0.0000000E+00
  0.0000000E+00
  0.0000000E+00
  1.6355700E-09
  0.0000000E+00
  0.0000000E+00
  0.0000000E+00
  0.0000000E+00
 -1.2200648E-08
  0.0000000E+00
  0.0000000E+00
  0.0000000E+00
  0.0000000E+00
  0.0000000E+00
  0.0000000E+00
  0.0000000E+00
  0.0000000E+00
  0.0000000E+00
  0.0000000E+00
  0.0000000E+00
  0.0000000E+00
  0.0000000E+00
  0.0000000E+00
  0.0000000E+00
  0.0000000E+00
  6.3241217E-08
  0.0000000E+00
  0.0000000E+00
  4.4843461E-08
  0.0000000E+00
  0.0000000E+00
  0.0000000E+00
  1.6355700E-09
  9.8426860E-08
  0.0000000E+00
  0.0000000E+00
  0.0000000E+00
  2.3001942E-08
  0.0000000E+00
 -5.8096909E-08
  0.0000000E+00
  0.0000000E+00
  0.0000000E+00
  0.0000000E+00
  9.8495420E-08
  0.0000000E+00
  1.5262201E-07
  0.0000000E+00
  7.0772920E-08
  0.0000000E+00
  0.0000000E+00
  0.0000000E+00
  0.0000000E+00
  1.3893254E-08
  1.0258588E-07
  0.0000000E+00
  0.0000000E+00
  0.0000000E+00
  0.0000000E+00
  0.0000000E+00
  0.0000000E+00
  0.0000000E+00
  0.0000000E+00
  0.0000000E+00
  0.0000000E+00
  0.0000000E+00
  0.0000000E+00
  0.0000000E+00
  0.0000000E+00
  0.0000000E+00
  0.0000000E+00
  0.0000000E+00
  0.0000000E+00
  0.0000000E+00
  0.0000000E+00
  0.0000000E+00
  0.0000000E+00
  5.8162890E-08
  0.0000000E+00
  0.0000000E+00
  0.0000000E+00
  0.0000000E+00
  0.0000000E+00
  0.0000000E+00
  0.0000000E+00
  0.0000000E+00
  2.7221873E-08
  0.0000000E+00
  0.0000000E+00
  0.0000000E+00
  0.0000000E+00
 -5.7663783E-08
  0.0000000E+00
  0.0000000E+00
  0.0000000E+00
  0.0000000E+00
  0.0000000E+00
  0.0000000E+00
  0.0000000E+00
  3.6461950E-07
  0.0000000E+00
  0.0000000E+00
  0.0000000E+00
  0.0000000E+00
  0.0000000E+00
  0.0000000E+00
  5.6209881E-08
  0.0000000E+00
  0.0000000E+00
  0.0000000E+00
  0.0000000E+00
  0.0000000E+00
  3.3024225E-08
  0.0000000E+00
  2.3221196E-08
  0.0000000E+00
  0.0000000E+00
  0.0000000E+00
  3.1925583E-07
  7.5716869E-08
  0.0000000E+00
  0.0000000E+00
  0.0000000E+00
  7.0070108E-08
  0.0000000E+00
  0.0000000E+00
 -1.2236458E-07
  0.0000000E+00
  0.0000000E+00
  0.0000000E+00
  0.0000000E+00
  0.0000000E+00
  7.6730004E-08
  0.0000000E+00
  0.0000000E+00
  0.0000000E+00
  0.0000000E+00
  0.0000000E+00
  0.0000000E+00
  8.6366036E-08
  0.0000000E+00
  0.0000000E+00
  0.0000000E+00
  0.0000000E+00
  0.0000000E+00
  0.0000000E+00
  0.0000000E+00
  0.0000000E+00
  1.6355700E-09
  8.2934278E-08
  0.0000000E+00
 -1.0733740E-07
  0.0000000E+00
  0.0000000E+00
  0.0000000E+00
  0.0000000E+00
  0.0000000E+00
  0.0000000E+00
  0.0000000E+00
  0.0000000E+00
  0.0000000E+00
  0.0000000E+00
  0.0000000E+00
  0.0000000E+00
  1.6355700E-09
 -1.8609646E-07
  0.0000000E+00
  0.0000000E+00
  0.0000000E+00
  0.0000000E+00
  1.6355700E-09
  0.0000000E+00
  0.0000000E+00
  0.0000000E+00
  0.0000000E+00
  0.0000000E+00
  0.0000000E+00
  0.0000000E+00
  0.0000000E+00
  0.0000000E+00
  0.0000000E+00
  0.0000000E+00
  0.0000000E+00
  0.0000000E+00
  0.0000000E+00
  0.0000000E+00
  8.3285215E-08
  0.0000000E+00
  0.0000000E+00
  0.0000000E+00
  0.0000000E+00
  0.0000000E+00
  0.0000000E+00
  0.0000000E+00
  0.0000000E+00
  0.0000000E+00
  0.0000000E+00
  0.0000000E+00
  0.0000000E+00
  0.0000000E+00
  0.0000000E+00
  0.0000000E+00
  0.0000000E+00
  0.0000000E+00
 -1.6023982E-08
  0.0000000E+00
  0.0000000E+00
  0.0000000E+00
 -8.8224979E-08
  8.9033179E-08
  1.6355700E-09
  0.0000000E+00
  0.0000000E+00
  0.0000000E+00
  0.0000000E+00
  0.0000000E+00
  0.0000000E+00
  0.0000000E+00
 -1.4608194E-07
  0.0000000E+00
  0.0000000E+00
  1.6355700E-09
  0.0000000E+00
  0.0000000E+00
  0.0000000E+00
  0.0000000E+00
  0.0000000E+00
  0.0000000E+00
  4.2616534E-08
  7.7989903E-08
  0.0000000E+00
  1.3964521E-07
  0.0000000E+00
  0.0000000E+00
  0.0000000E+00
 -4.2935017E-08
  1.7722325E-08
 -2.4146462E-07
  1.5106856E-08
  0.0000000E+00
  0.0000000E+00
  0.0000000E+00
  6.6790776E-08
  0.0000000E+00
  4.4994010E-08
  0.0000000E+00
  0.0000000E+00
  0.0000000E+00
  0.0000000E+00
  0.0000000E+00
 -6.5481281E-08
  0.0000000E+00
  0.0000000E+00
  0.0000000E+00
  0.0000000E+00
 -1.3689453E-08
  1.6355700E-09
  0.0000000E+00
  0.0000000E+00
  0.0000000E+00
  8.5388599E-08
  0.0000000E+00
  0.0000000E+00
  0.0000000E+00
  4.0793449E-08
  0.0000000E+00
  0.0000000E+00
  3.7903877E-08
  0.0000000E+00
  0.0000000E+00
  0.0000000E+00
  0.0000000E+00
  0.0000000E+00
  0.0000000E+00
  3.1551302E-08
  0.0000000E+00
  0.0000000E+00
  0.0000000E+00
  0.0000000E+00
  0.0000000E+00
  0.0000000E+00
  0.0000000E+00
  0.0000000E+00
  0.0000000E+00
  0.0000000E+00
  1.1976870E-07
  0.0000000E+00
  1.0174186E-07
  1.5873105E-07
  0.0000000E+00
  0.0000000E+00
  0.0000000E+00
  0.0000000E+00
  0.0000000E+00
  0.0000000E+00
  0.0000000E+00
  0.0000000E+00
  0.0000000E+00
  0.0000000E+00
  0.0000000E+00
  0.0000000E+00
  0.0000000E+00
  0.0000000E+00
  0.0000000E+00
  0.0000000E+00
  1.2960589E-07
  0.0000000E+00
  3.2888536E-08
  0.0000000E+00
  0.0000000E+00
  0.0000000E+00
  0.0000000E+00
  0.0000000E+00
  0.0000000E+00
  0.0000000E+00
  0.0000000E+00
  0.0000000E+00
  0.0000000E+00
  0.0000000E+00
 -1.1666092E-08
  0.0000000E+00
  0.0000000E+00
  0.0000000E+00
  0.0000000E+00
  0.0000000E+00
  1.2206429E-07
  0.0000000E+00
  0.0000000E+00
  0.0000000E+00
  0.0000000E+00
  0.0000000E+00
  0.0000000E+00
  0.0000000E+00
  0.0000000E+00
  0.0000000E+00
  0.0000000E+00
  0.0000000E+00
  0.0000000E+00
  1.1071778E-08
  0.0000000E+00
  0.0000000E+00
  3.1619820E-08
  0.0000000E+00
  5.8869269E-08
  0.0000000E+00
  5.7928148E-08
  0.0000000E+00
  0.0000000E+00
  0.0000000E+00
  0.0000000E+00
  0.0000000E+00
  0.0000000E+00
  3.3406785E-08
  0.0000000E+00
  0.0000000E+00
  0.0000000E+00
  0.0000000E+00
  0.0000000E+00
  0.0000000E+00
  0.0000000E+00
  4.6176456E-08
  0.0000000E+00
  0.0000000E+00
  0.0000000E+00
  0.0000000E+00
  0.0000000E+00
  0.0000000E+00
  0.0000000E+00
  0.0000000E+00
  1.6355700E-09
  0.0000000E+00
  0.0000000E+00
  0.0000000E+00
  0.0000000E+00
  0.0000000E+00
  0.0000000E+00
  0.0000000E+00
  0.0000000E+00
  0.0000000E+00
  0.0000000E+00
  0.0000000E+00
  0.0000000E+00
  0.0000000E+00
  0.0000000E+00
  0.0000000E+00
  2.8533654E-08
  0.0000000E+00
  0.0000000E+00
  0.0000000E+00
  0.0000000E+00
  3.7949224E-08
  0.0000000E+00
  0.0000000E+00
  0.0000000E+00
  0.0000000E+00
 -6.1133522E-07
  0.0000000E+00
  0.0000000E+00
 -4.6520508E-08
  0.0000000E+00
  0.0000000E+00
  0.0000000E+00
  6.2012290E-08
  0.0000000E+00
  0.0000000E+00
  0.0000000E+00
  0.0000000E+00
  0.0000000E+00
  0.0000000E+00
  3.4421080E-07
  0.0000000E+00
  0.0000000E+00
 -1.6404355E-08
  0.0000000E+00
  0.0000000E+00
  0.0000000E+00
  0.0000000E+00
  0.0000000E+00
  0.0000000E+00
 -3.2248746E-08
  0.0000000E+00
  4.4988624E-07
 -1.6411056E-07
 -3.9678465E-08
  1.6355700E-09
  0.0000000E+00
  0.0000000E+00
  0.0000000E+00
 -5.4614606E-08
 -4.8127383E-08
  0.0000000E+00
  0.0000000E+00
  0.0000000E+00
  0.0000000E+00
  0.0000000E+00
  0.0000000E+00
  0.0000000E+00
  0.0000000E+00
  0.0000000E+00
  0.0000000E+00
  0.0000000E+00
  0.0000000E+00
 -9.9931960E-08
  0.0000000E+00
  0.0000000E+00
  0.0000000E+00
  0.0000000E+00
  0.0000000E+00
  0.0000000E+00
 -1.4534722E-07
  1.7577680E-08
  0.0000000E+00
 -9.2495675E-08
 -3.0410213E-08
  0.0000000E+00
  0.0000000E+00
  0.0000000E+00
  7.0756315E-08
  0.0000000E+00
  0.0000000E+00
  0.0000000E+00
  0.0000000E+00
  7.9855454E-08
 -1.2658535E-07
  0.0000000E+00
  0.0000000E+00
  0.0000000E+00
  0.0000000E+00
  0.0000000E+00
  0.0000000E+00
  0.0000000E+00
  0.0000000E+00
  0.0000000E+00
  0.0000000E+00
  0.0000000E+00
  0.0000000E+00
  0.0000000E+00
  0.0000000E+00
  0.0000000E+00
  0.0000000E+00
  0.0000000E+00
  0.0000000E+00
  0.0000000E+00
  0.0000000E+00
  0.0000000E+00
  1.7616943E-08
  0.0000000E+00
  0.0000000E+00
  0.0000000E+00
  0.0000000E+00
  0.0000000E+00
  0.0000000E+00
  0.0000000E+00
  0.0000000E+00
  0.0000000E+00
  0.0000000E+00
  0.0000000E+00
  0.0000000E+00
  0.0000000E+00
  0.0000000E+00
  0.0000000E+00
  8.2979959E-08
  0.0000000E+00
  0.0000000E+00
  0.0000000E+00
  1.6355700E-09
  0.0000000E+00
  0.0000000E+00
  0.0000000E+00
  9.0534193E-08
  0.0000000E+00
  6.6063578E-08
  0.0000000E+00
  0.0000000E+00
  0.0000000E+00
  0.0000000E+00
  0.0000000E+00
  0.0000000E+00
 -3.7108542E-08
  0.0000000E+00
  0.0000000E+00
  0.0000000E+00
 -8.3621636E-08
  0.0000000E+00
  0.0000000E+00
  0.0000000E+00
  8.2319715E-09
  2.1257239E-07
  0.0000000E+00
  0.0000000E+00
  0.0000000E+00
  0.0000000E+00
  0.0000000E+00
  0.0000000E+00
  0.0000000E+00
  0.0000000E+00
  0.0000000E+00
  0.0000000E+00
  0.0000000E+00
  0.0000000E+00
  0.0000000E+00
  0.0000000E+00
  0.0000000E+00
  0.0000000E+00
  0.0000000E+00
  0.0000000E+00
  0.0000000E+00
  0.0000000E+00
  0.0000000E+00
 -2.4474947E-08
  0.0000000E+00
  0.0000000E+00
  0.0000000E+00
  0.0000000E+00
  7.8754738E-08
  0.0000000E+00
  0.0000000E+00
  0.0000000E+00
  0.0000000E+00
  0.0000000E+00
  0.0000000E+00
 -1.3914952E-07
  1.9285482E-08
  0.0000000E+00
  0.0000000E+00
  0.0000000E+00
  0.0000000E+00
  0.0000000E+00
  0.0000000E+00
  0.0000000E+00
 -7.5560187E-08
  0.0000000E+00
  0.0000000E+00
  0.0000000E+00
 -7.7125307E-08
  0.0000000E+00
  1.6355700E-09
  3.0265392E-07
 -1.2025963E-08
  0.0000000E+00
  0.0000000E+00
  8.1809155E-09
  0.0000000E+00
  0.0000000E+00
  0.0000000E+00
  0.0000000E+00
  0.0000000E+00
  0.0000000E+00
  0.0000000E+00
  0.0000000E+00
  0.0000000E+00
  0.0000000E+00
  0.0000000E+00
  0.0000000E+00
  0.0000000E+00
  0.0000000E+00
  0.0000000E+00
 -2.5743002E-08
  0.0000000E+00
  1.6355700E-09
  0.0000000E+00
  0.0000000E+00
  0.0000000E+00
 -2.9019651E-08
  0.0000000E+00
  0.0000000E+00
  2.5962288E-07
  0.0000000E+00
  0.0000000E+00
  0.0000000E+00
  0.0000000E+00
  0.0000000E+00
  1.6355700E-09
 -5.8299847E-08
  0.0000000E+00
  0.0000000E+00
  0.0000000E+00
  0.0000000E+00
  0.0000000E+00
  0.0000000E+00
  0.0000000E+00
  0.0000000E+00
  0.0000000E+00
  0.0000000E+00
  0.0000000E+00
  0.0000000E+00
  0.0000000E+00
  5.2455388E-08
  0.0000000E+00
  0.0000000E+00
  0.0000000E+00
  0.0000000E+00
  0.0000000E+00
  0.0000000E+00
  0.0000000E+00
  0.0000000E+00
  0.0000000E+00
  0.0000000E+00
  0.0000000E+00
  0.0000000E+00
  0.0000000E+00
 -2.8052492E-08
 -2.5069170E-08
  0.0000000E+00
  0.0000000E+00
  0.0000000E+00
  0.0000000E+00
  0.0000000E+00
  0.0000000E+00
  0.0000000E+00
  0.0000000E+00
  0.0000000E+00
  0.0000000E+00
  0.0000000E+00
  0.0000000E+00
  0.0000000E+00
  0.0000000E+00
 -8.8249861E-09
  0.0000000E+00
  0.0000000E+00
  0.0000000E+00
  3.3613148E-08
  2.0128860E-08
 -1.3579140E-07
  0.0000000E+00
  0.0000000E+00
  0.0000000E+00
  0.0000000E+00
  0.0000000E+00
  0.0000000E+00
  0.0000000E+00
  0.0000000E+00
  0.0000000E+00
 -3.3199928E-08
  1.8627169E-08
  0.0000000E+00
  0.0000000E+00
  0.0000000E+00
  0.0000000E+00
  0.0000000E+00
  0.0000000E+00
  0.0000000E+00
  0.0000000E+00
  0.0000000E+00
  0.0000000E+00
  0.0000000E+00
  0.0000000E+00
  0.0000000E+00
  0.0000000E+00
  0.0000000E+00
  0.0000000E+00
  9.8408272E-08
  0.0000000E+00
  0.0000000E+00
  0.0000000E+00
  0.0000000E+00
  0.0000000E+00
  0.0000000E+00
 -3.6017195E-08
  0.0000000E+00
  0.0000000E+00
  0.0000000E+00
 -1.2274930E-07
  0.0000000E+00
  0.0000000E+00
  3.9272216E-08
  0.0000000E+00
  1.0983762E-07
  0.0000000E+00
  0.0000000E+00
  0.0000000E+00
  0.0000000E+00
 -1.3330665E-08
 -7.0109543E-08
  0.0000000E+00
  0.0000000E+00
  0.0000000E+00
  0.0000000E+00
  0.0000000E+00
  0.0000000E+00
  0.0000000E+00
  0.0000000E+00
  0.0000000E+00
  0.0000000E+00
  0.0000000E+00
  1.0944157E-07
  0.0000000E+00
  0.0000000E+00
  0.0000000E+00
  0.0000000E+00
  0.0000000E+00
  5.5382042E-08
 -6.1469215E-08
  0.0000000E+00
  0.0000000E+00
  0.0000000E+00
  3.4218388E-08
  0.0000000E+00
  0.0000000E+00
  0.0000000E+00
  0.0000000E+00
  0.0000000E+00
  0.0000000E+00
  0.0000000E+00
  0.0000000E+00
 -1.7364401E-08
  0.0000000E+00
  0.0000000E+00
  0.0000000E+00
  0.0000000E+00
  0.0000000E+00
  0.0000000E+00
  0.0000000E+00
  3.4959879E-07
  0.0000000E+00
  0.0000000E+00
  0.0000000E+00
 -1.0753084E-07
  0.0000000E+00
  5.3799901E-08
  0.0000000E+00
  0.0000000E+00
 -3.1194684E-08
  0.0000000E+00
  0.0000000E+00
  1.0724756E-07
  0.0000000E+00
  0.0000000E+00
  0.0000000E+00
  1.6355700E-09
  0.0000000E+00
  0.0000000E+00
  0.0000000E+00
  0.0000000E+00
  0.0000000E+00
  0.0000000E+00
  0.0000000E+00
 -1.1723193E-07
  0.0000000E+00
  0.0000000E+00
  0.0000000E+00
  0.0000000E+00
  0.0000000E+00
  7.3473738E-09
  0.0000000E+00
 -4.3452214E-08
  0.0000000E+00
  0.0000000E+00
  0.0000000E+00
  0.0000000E+00
  0.0000000E+00
  0.0000000E+00
  0.0000000E+00
  0.0000000E+00
  0.0000000E+00
  1.6355700E-09
  0.0000000E+00
  0.0000000E+00
  0.0000000E+00
  0.0000000E+00
  0.0000000E+00
  0.0000000E+00
  0.0000000E+00
 -9.9914644E-08
  0.0000000E+00
  2.2512563E-07
  0.0000000E+00
  8.9692577E-08
  0.0000000E+00
  0.0000000E+00
  0.0000000E+00
  0.0000000E+00
  0.0000000E+00
  0.0000000E+00
  0.0000000E+00
  0.0000000E+00
  0.0000000E+00
  1.6355700E-09
  0.0000000E+00
  0.0000000E+00
  0.0000000E+00
  0.0000000E+00
  0.0000000E+00
  0.0000000E+00
  0.0000000E+00
  0.0000000E+00
  3.6943707E-08
  0.0000000E+00
  1.2711536E-08
  0.0000000E+00
  0.0000000E+00
  0.0000000E+00
  0.0000000E+00
  0.0000000E+00
  0.0000000E+00
  0.0000000E+00
  0.0000000E+00
 -9.6273514E-09
  0.0000000E+00
  0.0000000E+00
  0.0000000E+00
  0.0000000E+00
  0.0000000E+00
  0.0000000E+00
  0.0000000E+00
  2.0879330E-08
  1.0727931E-07
  0.0000000E+00
  0.0000000E+00
  0.0000000E+00
  0.0000000E+00
  0.0000000E+00
  0.0000000E+00
  0.0000000E+00
  1.9131373E-07
 -1.9658476E-08
  0.0000000E+00
  0.0000000E+00
  0.0000000E+00
  0.0000000E+00
  0.0000000E+00
  0.0000000E+00
  1.6355700E-09
  0.0000000E+00
 -7.0576746E-08
  0.0000000E+00
  0.0000000E+00
  0.0000000E+00
  0.0000000E+00
  0.0000000E+00
  2.6210209E-08
  0.0000000E+00
  0.0000000E+00
  0.0000000E+00
  0.0000000E+00
  0.0000000E+00
  0.0000000E+00
  0.0000000E+00
  0.0000000E+00
  0.0000000E+00
  0.0000000E+00
  0.0000000E+00
  0.0000000E+00
  0.0000000E+00
  0.0000000E+00
  0.0000000E+00
 -5.3117304E-08
  0.0000000E+00
  0.0000000E+00
  0.0000000E+00
 -3.4025039E-08
  0.0000000E+00
  0.0000000E+00
  0.0000000E+00
  0.0000000E+00
  0.0000000E+00
  0.0000000E+00
  0.0000000E+00
  0.0000000E+00
  0.0000000E+00
  0.0000000E+00
  0.0000000E+00
  0.0000000E+00
  1.3568740E-08
  0.0000000E+00
  0.0000000E+00
  0.0000000E+00
  0.0000000E+00
  0.0000000E+00
  4.1202227E-08
  0.0000000E+00
  1.0091424E-07
  0.0000000E+00
  4.8463672E-08
  0.0000000E+00
  0.0000000E+00
  0.0000000E+00
  0.0000000E+00
  0.0000000E+00
  0.0000000E+00
  0.0000000E+00
  0.0000000E+00
  0.0000000E+00
  0.0000000E+00
  0.0000000E+00
  0.0000000E+00
  0.0000000E+00
  0.0000000E+00
  0.0000000E+00
  0.0000000E+00
  0.0000000E+00
  0.0000000E+00
  0.0000000E+00
  0.0000000E+00
  0.0000000E+00
  0.0000000E+00
  4.6830802E-08
  1.6355700E-09
  0.0000000E+00
  0.0000000E+00
  0.0000000E+00
  0.0000000E+00
  0.0000000E+00
  0.0000000E+00
  0.0000000E+00
 -1.0484048E-07
  0.0000000E+00
  5.9549222E-08
  1.2904864E-07
  0.0000000E+00
  0.0000000E+00
  0.0000000E+00
  0.0000000E+00
  0.0000000E+00
  0.0000000E+00
  5.4764691E-08
  0.0000000E+00
  0.0000000E+00
 -2.1699243E-07
  0.0000000E+00
  0.0000000E+00
  0.0000000E+00
  0.0000000E+00
  0.0000000E+00
  0.0000000E+00
  0.0000000E+00
  0.0000000E+00
  2.9975993E-08
  0.0000000E+00
  1.2421194E-07
  0.0000000E+00
 -5.3932814E-09
  8.5625359E-08
  0.0000000E+00
  0.0000000E+00
  3.4201150E-08
  0.0000000E+00
  0.0000000E+00
  0.0000000E+00
  0.0000000E+00
  0.0000000E+00
  0.0000000E+00
 -1.4958601E-07
  0.0000000E+00
 -4.6137291E-08
  0.0000000E+00
  0.0000000E+00
  0.0000000E+00
 -1.2484486E-07
  0.0000000E+00
  9.0163446E-08
  0.0000000E+00
  0.0000000E+00
  0.0000000E+00
  0.0000000E+00
  0.0000000E+00
  0.0000000E+00
 -5.5625499E-08
  0.0000000E+00
 -7.2933929E-08
  0.0000000E+00
  0.0000000E+00
  0.0000000E+00
  0.0000000E+00
  2.8798185E-08
  0.0000000E+00
  0.0000000E+00
  0.0000000E+00
  0.0000000E+00
  0.0000000E+00
  0.0000000E+00
  0.0000000E+00
  0.0000000E+00
 -7.2624083E-08
  0.0000000E+00
  0.0000000E+00
  0.0000000E+00
  0.0000000E+00
  1.9970461E-08
  0.0000000E+00
  0.0000000E+00
  0.0000000E+00
  0.0000000E+00
 -2.9264089E-07
  0.0000000E+00
  0.0000000E+00
  0.0000000E+00
  0.0000000E+00
  0.0000000E+00
  0.0000000E+00
  1.6592846E-08
  0.0000000E+00
  0.0000000E+00
  0.0000000E+00
  0.0000000E+00
  0.0000000E+00
  0.0000000E+00
  0.0000000E+00
  0.0000000E+00
  0.0000000E+00
  0.0000000E+00
  0.0000000E+00
  2.0877782E-07
  0.0000000E+00
  7.6966245E-08
  0.0000000E+00
  0.0000000E+00
  0.0000000E+00
  0.0000000E+00
  0.0000000E+00
  0.0000000E+00
  0.0000000E+00
  2.2327933E-07
  0.0000000E+00
  0.0000000E+00
  0.0000000E+00
  0.0000000E+00
 -1.6611882E-07
  0.0000000E+00
  0.0000000E+00
  6.2035310E-09
  0.0000000E+00
  0.0000000E+00
  0.0000000E+00
  0.0000000E+00
  1.3422296E-07
  0.0000000E+00
  0.0000000E+00
  0.0000000E+00
  8.4831086E-08
  0.0000000E+00
  0.0000000E+00
  1.0703934E-08
  0.0000000E+00
  0.0000000E+00
  5.6740443E-08
 -6.2035134E-08
  0.0000000E+00
  0.0000000E+00
  0.0000000E+00
  0.0000000E+00
  0.0000000E+00
  0.0000000E+00
  0.0000000E+00
  0.0000000E+00
  0.0000000E+00
  0.0000000E+00
  0.0000000E+00
  0.0000000E+00
  0.0000000E+00
  1.5320927E-07
  0.0000000E+00
 -3.7431271E-08
  0.0000000E+00
  0.0000000E+00
  0.0000000E+00
  0.0000000E+00
  7.5271210E-08
  9.2241621E-08
  0.0000000E+00
  0.0000000E+00
  0.0000000E+00
  7.7065863E-08
  1.6355700E-09
  0.0000000E+00
  0.0000000E+00
  0.0000000E+00
  0.0000000E+00
  0.0000000E+00
  0.0000000E+00
  0.0000000E+00
  0.0000000E+00
  1.7611717E-07
  0.0000000E+00
  0.0000000E+00
  0.0000000E+00
  0.0000000E+00
  0.0000000E+00
  0.0000000E+00
  0.0000000E+00
  0.0000000E+00
  4.7391069E-08
  6.8921011E-08
  0.0000000E+00
  0.0000000E+00
  0.0000000E+00
  0.0000000E+00
  0.0000000E+00
  0.0000000E+00
  0.0000000E+00
  0.0000000E+00
  0.0000000E+00
  0.0000000E+00
  0.0000000E+00
  0.0000000E+00
  0.0000000E+00
  0.0000000E+00
  0.0000000E+00
  0.0000000E+00
  0.0000000E+00
  0.0000000E+00
  0.0000000E+00
  3.1234752E-08
  0.0000000E+00
  0.0000000E+00
  2.0500771E-08
  5.0287197E-09
  0.0000000E+00
  0.0000000E+00
  0.0000000E+00
  0.0000000E+00
  0.0000000E+00
  0.0000000E+00
  0.0000000E+00
  0.0000000E+00
  0.0000000E+00
  0.0000000E+00
  0.0000000E+00
  0.0000000E+00
  0.0000000E+00
  0.0000000E+00
  0.0000000E+00
  0.0000000E+00
  0.0000000E+00
  0.0000000E+00
  0.0000000E+00
  0.0000000E+00
  0.0000000E+00
  0.0000000E+00
  0.0000000E+00
  0.0000000E+00
  0.0000000E+00
  0.0000000E+00
  1.4767362E-07
  0.0000000E+00
  0.0000000E+00
  0.0000000E+00
  0.0000000E+00
  0.0000000E+00
  0.0000000E+00
  0.0000000E+00
  0.0000000E+00
  0.0000000E+00
  0.0000000E+00
  0.0000000E+00
  0.0000000E+00
  0.0000000E+00
  0.0000000E+00
  0.0000000E+00
  0.0000000E+00
  0.0000000E+00
  0.0000000E+00
  0.0000000E+00
  0.0000000E+00
  0.0000000E+00
  0.0000000E+00
  1.3720420E-07
  0.0000000E+00
  0.0000000E+00
  1.2935438E-07
  0.0000000E+00
  0.0000000E+00
  0.0000000E+00
  0.0000000E+00
  0.0000000E+00
  0.0000000E+00
 -1.6704279E-08
  0.0000000E+00
  0.0000000E+00
  0.0000000E+00
  0.0000000E+00
  0.0000000E+00
  0.0000000E+00
  1.2465213E-07
  0.0000000E+00
  3.1732757E-08
  1.6355700E-09
  0.0000000E+00
  0.0000000E+00
 -1.9036301E-08
  4.1700350E-08
  0.0000000E+00
  0.0000000E+00
  0.0000000E+00
  0.0000000E+00
  0.0000000E+00
  0.0000000E+00
  0.0000000E+00
  0.0000000E+00
  7.0464246E-08
  0.0000000E+00
  9.8380690E-09
  0.0000000E+00
  0.0000000E+00
  0.0000000E+00
 -4.7193433E-07
  0.0000000E+00
  0.0000000E+00
  0.0000000E+00
 -7.8284842E-08
  0.0000000E+00
  0.0000000E+00
  0.0000000E+00
  0.0000000E+00
 -1.4269534E-08
  0.0000000E+00
  0.0000000E+00
  0.0000000E+00
  0.0000000E+00
  0.0000000E+00
 -3.5634631E-08
  0.0000000E+00
 -1.7686123E-07
  0.0000000E+00
  0.0000000E+00
  0.0000000E+00
  0.0000000E+00
  3.9838173E-09
  0.0000000E+00
  1.0444105E-07
  0.0000000E+00
  0.0000000E+00
  1.0169892E-07
  0.0000000E+00
  0.0000000E+00
  0.0000000E+00
  0.0000000E+00
  0.0000000E+00
  0.0000000E+00
 -1.5029208E-07
  0.0000000E+00
  0.0000000E+00
  0.0000000E+00
  0.0000000E+00
  0.0000000E+00
  0.0000000E+00
  0.0000000E+00
  0.0000000E+00
  4.7247312E-08
  0.0000000E+00
  0.0000000E+00
  0.0000000E+00
  0.0000000E+00
  0.0000000E+00
  0.0000000E+00
  0.0000000E+00
  6.2519007E-08
  0.0000000E+00
 -2.9868069E-08
  0.0000000E+00
  0.0000000E+00
  0.0000000E+00
  0.0000000E+00
  1.6355700E-09
  0.0000000E+00
  0.0000000E+00
  0.0000000E+00
  0.0000000E+00
  0.0000000E+00
  0.0000000E+00
 -6.8344242E-08
  0.0000000E+00
  0.0000000E+00
  0.0000000E+00
  0.0000000E+00
 -8.3065803E-09
  0.0000000E+00
  0.0000000E+00
  0.0000000E+00
  0.0000000E+00
  4.4153815E-08
  0.0000000E+00
  0.0000000E+00
  0.0000000E+00
  0.0000000E+00
  0.0000000E+00
  0.0000000E+00
  0.0000000E+00
  0.0000000E+00
  0.0000000E+00
  0.0000000E+00
  0.0000000E+00
  0.0000000E+00
  0.0000000E+00
  0.0000000E+00
  0.0000000E+00
  0.0000000E+00
  1.0711765E-07
  0.0000000E+00
  0.0000000E+00
  0.0000000E+00
  0.0000000E+00
  0.0000000E+00
  2.2790511E-08
  9.4113012E-08
  0.0000000E+00
  0.0000000E+00
  0.0000000E+00
  0.0000000E+00
  0.0000000E+00
  0.0000000E+00
  0.0000000E+00
  0.0000000E+00
  0.0000000E+00
  0.0000000E+00
  0.0000000E+00
  0.0000000E+00
  0.0000000E+00
  0.0000000E+00
  0.0000000E+00
  0.0000000E+00
  0.0000000E+00
  0.0000000E+00
  0.0000000E+00
  0.0000000E+00
  0.0000000E+00
 -8.1903352E-08
  0.0000000E+00
  0.0000000E+00
  0.0000000E+00
 -1.0400084E-07
  0.0000000E+00
  0.0000000E+00
  0.0000000E+00
  0.0000000E+00
  0.0000000E+00
  0.0000000E+00
  0.0000000E+00
  4.3175039E-08
  0.0000000E+00
  0.0000000E+00
  0.0000000E+00
  0.0000000E+00
  0.0000000E+00
  0.0000000E+00
  6.4879337E-08
  0.0000000E+00
  1.5797876E-07
 -1.0068077E-07
  0.0000000E+00
  0.0000000E+00
  0.0000000E+00
  0.0000000E+00
  3.7461213E-08
  0.0000000E+00
  1.6355700E-09
  0.0000000E+00
  0.0000000E+00
  0.0000000E+00
  0.0000000E+00
  1.6355700E-09
  0.0000000E+00
  0.0000000E+00
  0.0000000E+00
  0.0000000E+00
  0.0000000E+00
  0.0000000E+00
  0.0000000E+00
  0.0000000E+00
  0.0000000E+00
  0.0000000E+00
  0.0000000E+00
  0.0000000E+00
  0.0000000E+00
  4.0055035E-08
  0.0000000E+00
  0.0000000E+00
  0.0000000E+00
  0.0000000E+00
  0.0000000E+00
  6.3396854E-08
  0.0000000E+00
  0.0000000E+00
  0.0000000E+00
  0.0000000E+00
  0.0000000E+00
  0.0000000E+00
  0.0000000E+00
  2.2063200E-07
  0.0000000E+00
  0.0000000E+00
  0.0000000E+00
  0.0000000E+00
 -4.5042562E-08
  0.0000000E+00
  0.0000000E+00
  0.0000000E+00
  0.0000000E+00
  0.0000000E+00
  0.0000000E+00
  0.0000000E+00
  0.0000000E+00
  0.0000000E+00
  0.0000000E+00
  0.0000000E+00
  0.0000000E+00
  0.0000000E+00
  0.0000000E+00
  0.0000000E+00
 -4.9054886E-08
  0.0000000E+00
  0.0000000E+00
  0.0000000E+00
 -1.4025758E-08
 -8.7039034E-08
  0.0000000E+00
  0.0000000E+00
  0.0000000E+00
  8.8844217E-08
  0.0000000E+00
  2.1031529E-07
 -8.7264333E-08
  3.9486895E-07
  0.0000000E+00
  0.0000000E+00
  3.4031257E-07
  0.0000000E+00
  0.0000000E+00
  4.0719877E-07
  2.1417533E-08
  2.2957549E-08
  0.0000000E+00
  0.0000000E+00
  0.0000000E+00
  0.0000000E+00
  1.0385217E-07
  0.0000000E+00
  0.0000000E+00
  0.0000000E+00
  0.0000000E+00
  1.3996467E-07
  0.0000000E+00
  0.0000000E+00
  0.0000000E+00
  0.0000000E+00
  0.0000000E+00
  0.0000000E+00
  0.0000000E+00
  7.3474176E-08
  0.0000000E+00
  0.0000000E+00
  0.0000000E+00
  0.0000000E+00
  0.0000000E+00
  0.0000000E+00
  0.0000000E+00
  0.0000000E+00
 -2.6529688E-07
  0.0000000E+00
  8.4849965E-08
  0.0000000E+00
  0.0000000E+00
  0.0000000E+00
  4.8996693E-08
  1.6355700E-09
  0.0000000E+00
  0.0000000E+00
  0.0000000E+00
  1.6355700E-09
  4.0374829E-08
  0.0000000E+00
  0.0000000E+00
  0.0000000E+00
  0.0000000E+00
  1.7684359E-08
  6.4830914E-08
  0.0000000E+00
  0.0000000E+00
  0.0000000E+00
  1.7732354E-07
  0.0000000E+00
  0.0000000E+00
  0.0000000E+00
  0.0000000E+00
  0.0000000E+00
  0.0000000E+00
 -1.1843476E-07
  0.0000000E+00
  0.0000000E+00
  0.0000000E+00
 -5.2623008E-08
  2.2787001E-08
  8.4588855E-08
  0.0000000E+00
  0.0000000E+00
 -1.0782094E-07
  0.0000000E+00
  0.0000000E+00
  0.0000000E+00
  0.0000000E+00
  0.0000000E+00
  0.0000000E+00
  0.0000000E+00
  3.3733357E-08
  0.0000000E+00
  0.0000000E+00
  0.0000000E+00
  0.0000000E+00
  0.0000000E+00
  0.0000000E+00
 -3.3083392E-08
  0.0000000E+00
 -9.6050343E-08
  0.0000000E+00
  6.7771516E-08
  0.0000000E+00
  0.0000000E+00
  0.0000000E+00
  0.0000000E+00
  0.0000000E+00
  0.0000000E+00
  2.3625333E-07
  0.0000000E+00
  0.0000000E+00
  0.0000000E+00
  0.0000000E+00
 -6.8573215E-08
  0.0000000E+00
  0.0000000E+00
  0.0000000E+00
  0.0000000E+00
  0.0000000E+00
  0.0000000E+00
  0.0000000E+00
  0.0000000E+00
  0.0000000E+00
  0.0000000E+00
  0.0000000E+00
  0.0000000E+00
  0.0000000E+00
  0.0000000E+00
  0.0000000E+00
  0.0000000E+00
  0.0000000E+00
  0.0000000E+00
  0.0000000E+00
  0.0000000E+00
  0.0000000E+00
  0.0000000E+00
  0.0000000E+00
  0.0000000E+00
  0.0000000E+00
  0.0000000E+00
  1.0802177E-07
  0.0000000E+00
  0.0000000E+00
  0.0000000E+00
  1.6355700E-09
  0.0000000E+00
  0.0000000E+00
  1.6344101E-08
  0.0000000E+00
  0.0000000E+00
  0.0000000E+00
  0.0000000E+00
  0.0000000E+00
  8.0589402E-08
  1.1771357E-07
  0.0000000E+00
  0.0000000E+00
  5.4467279E-08
  0.0000000E+00
  0.0000000E+00
  0.0000000E+00
  0.0000000E+00
  0.0000000E+00
  0.0000000E+00
  0.0000000E+00
  7.9902076E-09
  3.5390631E-08
  1.4768651E-07
  0.0000000E+00
  0.0000000E+00
  0.0000000E+00
  9.8568137E-08
  0.0000000E+00
  0.0000000E+00
  0.0000000E+00
 -6.5950175E-08
  0.0000000E+00
  0.0000000E+00
  0.0000000E+00
  0.0000000E+00
  0.0000000E+00
  0.0000000E+00
 -4.4864006E-08
  0.0000000E+00
  0.0000000E+00
  0.0000000E+00
  0.0000000E+00
  1.4089554E-07
  0.0000000E+00
  1.4556663E-08
 -2.9488405E-07
  0.0000000E+00
  0.0000000E+00
  0.0000000E+00
  0.0000000E+00
  0.0000000E+00
  2.6654723E-07
  0.0000000E+00
  9.4551901E-08
  0.0000000E+00
  0.0000000E+00
  2.2605325E-07
 -1.0315657E-07
  0.0000000E+00
 -5.5449650E-08
  0.0000000E+00
  0.0000000E+00
  0.0000000E+00
  0.0000000E+00
  0.0000000E+00
  0.0000000E+00
  0.0000000E+00
  0.0000000E+00
 -5.1028856E-08
  0.0000000E+00
  0.0000000E+00
  0.0000000E+00
  0.0000000E+00
  0.0000000E+00
  0.0000000E+00
  1.2064159E-07
  0.0000000E+00
  0.0000000E+00
  0.0000000E+00
  0.0000000E+00
  0.0000000E+00
  0.0000000E+00
  0.0000000E+00
  0.0000000E+00
  0.0000000E+00
  9.8018155E-08
  0.0000000E+00
  0.0000000E+00
  0.0000000E+00
  0.0000000E+00
  0.0000000E+00
  0.0000000E+00
  0.0000000E+00
  8.0612494E-09
  0.0000000E+00
  0.0000000E+00
  0.0000000E+00
  0.0000000E+00
  0.0000000E+00
  0.0000000E+00
  3.7108030E-08
  0.0000000E+00
  4.5949029E-08
  0.0000000E+00
  0.0000000E+00
  0.0000000E+00
  2.2353326E-08
  0.0000000E+00
  5.7716651E-08
  0.0000000E+00
  0.0000000E+00
  0.0000000E+00
  1.0575153E-07
  1.7072662E-07
  0.0000000E+00
  0.0000000E+00
  0.0000000E+00
  0.0000000E+00
  0.0000000E+00
  1.4989782E-07
 -2.0394117E-08
  0.0000000E+00
  0.0000000E+00
  0.0000000E+00
 -4.0479662E-08
  6.4528670E-08
  0.0000000E+00
 -1.0651841E-07
  0.0000000E+00
  0.0000000E+00
  0.0000000E+00
  0.0000000E+00
  0.0000000E+00
  0.0000000E+00
  0.0000000E+00
  0.0000000E+00
  0.0000000E+00
  0.0000000E+00
  0.0000000E+00
  0.0000000E+00
  0.0000000E+00
  1.4891120E-08
  2.5367317E-08
  0.0000000E+00
  0.0000000E+00
  0.0000000E+00
 -5.1986905E-08
  0.0000000E+00
  0.0000000E+00
  0.0000000E+00
  0.0000000E+00
 -3.5049356E-07
  0.0000000E+00
  0.0000000E+00
  0.0000000E+00
  3.4434558E-07
  1.2803159E-07
  0.0000000E+00
  3.4076822E-07
  0.0000000E+00
  0.0000000E+00
  1.1125804E-07
  0.0000000E+00
  0.0000000E+00
  0.0000000E+00
  0.0000000E+00
  0.0000000E+00
  0.0000000E+00
  0.0000000E+00
 -3.8629814E-08
  1.9474598E-08
  0.0000000E+00
  0.0000000E+00
  0.0000000E+00
  0.0000000E+00
  4.5799709E-08
  2.7384777E-08
  0.0000000E+00
  0.0000000E+00
  0.0000000E+00
  0.0000000E+00
  0.0000000E+00
 -1.7604627E-08
  0.0000000E+00
  0.0000000E+00
  4.4592959E-08
  0.0000000E+00
 -1.8764429E-07
  0.0000000E+00
  1.3258109E-07
  0.0000000E+00
  3.2896466E-08
  0.0000000E+00
  0.0000000E+00
  0.0000000E+00
  1.3998323E-07
  7.8964540E-08
  0.0000000E+00
  0.0000000E+00
  0.0000000E+00
  0.0000000E+00
  0.0000000E+00
  0.0000000E+00
  1.6355700E-09
  0.0000000E+00
  0.0000000E+00
  0.0000000E+00
  0.0000000E+00
  0.0000000E+00
  0.0000000E+00
  4.0164913E-08
 -2.8568192E-07
  0.0000000E+00
 -2.9344779E-08
  1.5512956E-08
  0.0000000E+00
  0.0000000E+00
  0.0000000E+00
  5.1093874E-08
  0.0000000E+00
  0.0000000E+00
  0.0000000E+00
  0.0000000E+00
 -2.1552635E-08
  6.3065201E-08
  0.0000000E+00
  1.1088195E-07
  0.0000000E+00
  2.4953470E-08
  0.0000000E+00
  2.0000991E-08
  0.0000000E+00
  0.0000000E+00
  0.0000000E+00
  2.3002515E-08
  0.0000000E+00
  0.0000000E+00
  0.0000000E+00
  0.0000000E+00
  1.6864632E-07
  0.0000000E+00
  0.0000000E+00
  0.0000000E+00
  0.0000000E+00
  0.0000000E+00
  0.0000000E+00
  0.0000000E+00
  0.0000000E+00
  0.0000000E+00
  0.0000000E+00
  9.5348319E-08
  0.0000000E+00
  0.0000000E+00
  0.0000000E+00
  0.0000000E+00
  0.0000000E+00
  0.0000000E+00
  0.0000000E+00
 -5.6799511E-08
  0.0000000E+00
  0.0000000E+00
  0.0000000E+00
  0.0000000E+00
  0.0000000E+00
  0.0000000E+00
  2.8820393E-08
  0.0000000E+00
  0.0000000E+00
  0.0000000E+00
  0.0000000E+00
  0.0000000E+00
  0.0000000E+00
  0.0000000E+00
  0.0000000E+00
  0.0000000E+00
  6.8534739E-08
  8.9021306E-08
  0.0000000E+00
  0.0000000E+00
  0.0000000E+00
  0.0000000E+00
  0.0000000E+00
  0.0000000E+00
  0.0000000E+00
  0.0000000E+00
  0.0000000E+00
  0.0000000E+00
  3.9396494E-07
 -5.5588803E-08
  0.0000000E+00
 -2.8765417E-08
  0.0000000E+00
  0.0000000E+00
  1.8839870E-08
  0.0000000E+00
  0.0000000E+00
  1.1665279E-08
  0.0000000E+00
  0.0000000E+00
  0.0000000E+00
  0.0000000E+00
  0.0000000E+00
  0.0000000E+00
  0.0000000E+00
  5.1337675E-08
  0.0000000E+00
  0.0000000E+00
  0.0000000E+00
  2.3698661E-08
 -1.5003870E-07
  0.0000000E+00
  0.0000000E+00
  2.1594033E-08
  0.0000000E+00
  0.0000000E+00
  0.0000000E+00
  0.0000000E+00
  0.0000000E+00
  0.0000000E+00
  0.0000000E+00
  4.3340151E-08
  0.0000000E+00
  0.0000000E+00
  0.0000000E+00
  0.0000000E+00
  0.0000000E+00
  0.0000000E+00
  6.5940363E-08
  0.0000000E+00
  0.0000000E+00
  2.1724894E-08
  0.0000000E+00
  0.0000000E+00
  4.8040814E-08
  0.0000000E+00
  0.0000000E+00
  2.7255470E-07
  6.3318126E-08
  1.9568388E-08
  0.0000000E+00
  0.0000000E+00
  0.0000000E+00
  0.0000000E+00
  0.0000000E+00
  0.0000000E+00
 -5.2853000E-08
  0.0000000E+00
 -9.0208545E-08
  0.0000000E+00
  2.2949119E-07
  3.5971116E-08
 -2.6286861E-08
  0.0000000E+00
  0.0000000E+00
 -7.3198706E-08
  0.0000000E+00
  0.0000000E+00
  0.0000000E+00
  2.7725610E-08
  0.0000000E+00
  1.7952257E-07
  0.0000000E+00
  0.0000000E+00
  0.0000000E+00
  0.0000000E+00
  8.1970043E-08
  1.6355700E-09
  0.0000000E+00
  0.0000000E+00
  0.0000000E+00
  0.0000000E+00
  0.0000000E+00
  0.0000000E+00
  0.0000000E+00
  0.0000000E+00
  0.0000000E+00
  0.0000000E+00
  0.0000000E+00
  0.0000000E+00
  3.2543721E-08
  0.0000000E+00
  0.0000000E+00
  0.0000000E+00
  0.0000000E+00
  0.0000000E+00
  0.0000000E+00
  0.0000000E+00
  0.0000000E+00
  0.0000000E+00
  0.0000000E+00
  0.0000000E+00
  0.0000000E+00
  0.0000000E+00
  0.0000000E+00
  0.0000000E+00
  0.0000000E+00
  0.0000000E+00
  0.0000000E+00
  5.8820476E-08
  0.0000000E+00
  6.7771367E-07
  0.0000000E+00
  0.0000000E+00
  0.0000000E+00
  0.0000000E+00
  0.0000000E+00
  0.0000000E+00
 -4.1590933E-08
  0.0000000E+00
  0.0000000E+00
  0.0000000E+00
  1.6355700E-09
 -3.8688757E-08
  0.0000000E+00
  0.0000000E+00
  0.0000000E+00
  4.2008679E-08
  0.0000000E+00
  0.0000000E+00
  0.0000000E+00
 -2.8909552E-08
  0.0000000E+00
  4.5222286E-08
  0.0000000E+00
  0.0000000E+00
  0.0000000E+00
  0.0000000E+00
  0.0000000E+00
  0.0000000E+00
  0.0000000E+00
  5.8521596E-08
  6.9517469E-08
  0.0000000E+00
  0.0000000E+00
  0.0000000E+00
  0.0000000E+00
  0.0000000E+00
  0.0000000E+00
  0.0000000E+00
  0.0000000E+00
 -1.4474104E-07
  0.0000000E+00
  0.0000000E+00
  0.0000000E+00
  0.0000000E+00
 -9.9164446E-08
  0.0000000E+00
  0.0000000E+00
  0.0000000E+00
  0.0000000E+00
  0.0000000E+00
  1.6355700E-09
 -1.0037049E-07
  0.0000000E+00
  0.0000000E+00
  0.0000000E+00
  0.0000000E+00
  0.0000000E+00
  0.0000000E+00
  0.0000000E+00
  5.8886059E-08
  0.0000000E+00
  2.2990498E-08
  0.0000000E+00
  0.0000000E+00
 -1.0817666E-07
  0.0000000E+00
  0.0000000E+00
  0.0000000E+00
  0.0000000E+00
  0.0000000E+00
  0.0000000E+00
  0.0000000E+00
  0.0000000E+00
  0.0000000E+00
  0.0000000E+00
  0.0000000E+00
  0.0000000E+00
  3.0027685E-08
  0.0000000E+00
  0.0000000E+00
 -1.8432132E-08
  0.0000000E+00
  1.0915934E-07
  0.0000000E+00
 -3.0042489E-08
  0.0000000E+00
  0.0000000E+00
  0.0000000E+00
  0.0000000E+00
  0.0000000E+00
  0.0000000E+00
  0.0000000E+00
  0.0000000E+00
  4.5174062E-08
  0.0000000E+00
  0.0000000E+00
  0.0000000E+00
  0.0000000E+00
  0.0000000E+00
  0.0000000E+00
  0.0000000E+00
  0.0000000E+00
  0.0000000E+00
  0.0000000E+00
  0.0000000E+00
  0.0000000E+00
  0.0000000E+00
  0.0000000E+00
  0.0000000E+00
  0.0000000E+00
  0.0000000E+00
  0.0000000E+00
 -9.9896830E-08
  0.0000000E+00
  0.0000000E+00
  0.0000000E+00
  0.0000000E+00
  0.0000000E+00
  5.5207721E-08
  0.0000000E+00
  0.0000000E+00
  0.0000000E+00
  5.7882254E-08
  0.0000000E+00
  0.0000000E+00
  0.0000000E+00
  0.0000000E+00
  0.0000000E+00
  0.0000000E+00
  0.0000000E+00
  5.9115501E-07
  0.0000000E+00
  0.0000000E+00
  0.0000000E+00
  0.0000000E+00
 -4.1611845E-08
  0.0000000E+00
  0.0000000E+00
  0.0000000E+00
  0.0000000E+00
  0.0000000E+00
  0.0000000E+00
  0.0000000E+00
  0.0000000E+00
  0.0000000E+00
  0.0000000E+00
  0.0000000E+00
  0.0000000E+00
  0.0000000E+00
  0.0000000E+00
  0.0000000E+00
  0.0000000E+00
  0.0000000E+00
  0.0000000E+00
  4.7658762E-07
  0.0000000E+00
  0.0000000E+00
  5.6296248E-08
  0.0000000E+00
  1.6355700E-09
  0.0000000E+00
  1.2476919E-07
  0.0000000E+00
  0.0000000E+00
  0.0000000E+00
 -2.5995439E-08
  0.0000000E+00
  0.0000000E+00
  0.0000000E+00
  0.0000000E+00
  0.0000000E+00
  0.0000000E+00
  0.0000000E+00
  0.0000000E+00
  0.0000000E+00
  0.0000000E+00
  0.0000000E+00
  0.0000000E+00
  0.0000000E+00
  0.0000000E+00
 -6.8912072E-08
  0.0000000E+00
  0.0000000E+00
  0.0000000E+00
  7.1831332E-09
  0.0000000E+00
  1.6355700E-09
  0.0000000E+00
  0.0000000E+00
  0.0000000E+00
  4.1160018E-08
  0.0000000E+00
  1.7963664E-08
  0.0000000E+00
  0.0000000E+00
  0.0000000E+00
  0.0000000E+00
 -1.3783708E-07
  0.0000000E+00
  0.0000000E+00
  4.5312728E-08
  0.0000000E+00
  0.0000000E+00
  0.0000000E+00
  0.0000000E+00
  0.0000000E+00
  0.0000000E+00
  0.0000000E+00
  0.0000000E+00
  0.0000000E+00
  0.0000000E+00
 -2.9953487E-08
  0.0000000E+00
  0.0000000E+00
  1.4812559E-07
  0.0000000E+00
  0.0000000E+00
  0.0000000E+00
  0.0000000E+00
  0.0000000E+00
  0.0000000E+00
  0.0000000E+00
  0.0000000E+00
  0.0000000E+00
  0.0000000E+00
  0.0000000E+00
 -1.8002858E-07
  0.0000000E+00
  0.0000000E+00
  0.0000000E+00
  1.6355700E-09
  0.0000000E+00
  0.0000000E+00
  0.0000000E+00
  0.0000000E+00
  0.0000000E+00
  0.0000000E+00
  0.0000000E+00
  0.0000000E+00
  2.5491130E-07
  6.4979922E-08
  0.0000000E+00
  0.0000000E+00
  0.0000000E+00
  0.0000000E+00
  0.0000000E+00
  0.0000000E+00
  0.0000000E+00
  0.0000000E+00
  4.8754117E-08
  0.0000000E+00
 -6.5722517E-08
  0.0000000E+00
  0.0000000E+00
  1.2301848E-07
  3.4304932E-07
 -1.0244911E-07
  6.8789831E-08
  0.0000000E+00
  0.0000000E+00
  0.0000000E+00
  0.0000000E+00
  2.2277463E-08
 -1.4081889E-08
 -1.8172138E-08
  0.0000000E+00
  0.0000000E+00
  1.6355700E-09
  0.0000000E+00
  0.0000000E+00
  0.0000000E+00
  0.0000000E+00
  0.0000000E+00
  0.0000000E+00
  0.0000000E+00
  0.0000000E+00
  0.0000000E+00
  0.0000000E+00
  0.0000000E+00
  0.0000000E+00
  0.0000000E+00
  0.0000000E+00
  1.0743815E-07
  0.0000000E+00
  0.0000000E+00
  0.0000000E+00
  0.0000000E+00
  0.0000000E+00
  0.0000000E+00
  1.9164136E-07
  0.0000000E+00
  0.0000000E+00
  0.0000000E+00
  0.0000000E+00
  0.0000000E+00
 -3.2638539E-08
  0.0000000E+00
  0.0000000E+00
  0.0000000E+00
  0.0000000E+00
  0.0000000E+00
  2.9524857E-08
  0.0000000E+00
  0.0000000E+00
  0.0000000E+00
  0.0000000E+00
  0.0000000E+00
 -6.5804087E-09
  0.0000000E+00
  0.0000000E+00
  0.0000000E+00
  0.0000000E+00
  0.0000000E+00
  0.0000000E+00
  0.0000000E+00
  0.0000000E+00
  0.0000000E+00
  0.0000000E+00
  0.0000000E+00
  0.0000000E+00
 -8.3783910E-08
  0.0000000E+00
  0.0000000E+00
  0.0000000E+00
  0.0000000E+00
  0.0000000E+00
  0.0000000E+00
  0.0000000E+00
  0.0000000E+00
  0.0000000E+00
  0.0000000E+00
  0.0000000E+00
  0.0000000E+00
  0.0000000E+00
  0.0000000E+00
  0.0000000E+00
  0.0000000E+00
 -8.7110983E-08
  0.0000000E+00
  0.0000000E+00
  0.0000000E+00
  0.0000000E+00
  6.9228228E-08
  0.0000000E+00
  0.0000000E+00
  0.0000000E+00
  0.0000000E+00
  0.0000000E+00
  0.0000000E+00
  0.0000000E+00
  0.0000000E+00
  0.0000000E+00
  0.0000000E+00
  0.0000000E+00
  0.0000000E+00
  0.0000000E+00
  0.0000000E+00
  0.0000000E+00
  0.0000000E+00
  1.5434232E-08
 -1.0841302E-07
  0.0000000E+00
  0.0000000E+00
  0.0000000E+00
  0.0000000E+00
  0.0000000E+00
  0.0000000E+00
  0.0000000E+00
 -4.2708027E-08
  1.8515678E-08
  0.0000000E+00
 -6.5962745E-08
  0.0000000E+00
  0.0000000E+00
  1.6671166E-07
  0.0000000E+00
  0.0000000E+00
  0.0000000E+00
  0.0000000E+00
  0.0000000E+00
  0.0000000E+00
  0.0000000E+00
  0.0000000E+00
  0.0000000E+00
  0.0000000E+00
  0.0000000E+00
  0.0000000E+00
 -2.7869184E-08
  0.0000000E+00
  0.0000000E+00
  0.0000000E+00
  9.4344273E-08
  0.0000000E+00
  0.0000000E+00
  1.2173611E-07
  0.0000000E+00
  0.0000000E+00
  0.0000000E+00
  0.0000000E+00
  0.0000000E+00
  0.0000000E+00
  0.0000000E+00
  0.0000000E+00
  0.0000000E+00
  0.0000000E+00
  3.1416656E-07
  0.0000000E+00
 -3.2545334E-08
  0.0000000E+00
  0.0000000E+00
  0.0000000E+00
  0.0000000E+00
  0.0000000E+00
  0.0000000E+00
  0.0000000E+00
  0.0000000E+00
  0.0000000E+00
  0.0000000E+00
 -1.2383167E-07
  0.0000000E+00
  8.0389377E-08
  0.0000000E+00
  3.0668780E-08
  0.0000000E+00
  0.0000000E+00
  0.0000000E+00
  1.6043689E-08
  3.3150610E-07
  0.0000000E+00
  0.0000000E+00
  0.0000000E+00
  0.0000000E+00
  0.0000000E+00
  6.6937311E-08
  0.0000000E+00
  0.0000000E+00
  0.0000000E+00
  0.0000000E+00
  0.0000000E+00
  5.6027947E-08
  0.0000000E+00
  0.0000000E+00
 -2.6473199E-08
  0.0000000E+00
  0.0000000E+00
  0.0000000E+00
  0.0000000E+00
  0.0000000E+00
  0.0000000E+00
  1.6355700E-09
  0.0000000E+00
  5.2084172E-08
  0.0000000E+00
  0.0000000E+00
  0.0000000E+00
  0.0000000E+00
  0.0000000E+00
  0.0000000E+00
  0.0000000E+00
  0.0000000E+00
  0.0000000E+00
  0.0000000E+00
  0.0000000E+00
  0.0000000E+00
  0.0000000E+00
  0.0000000E+00
  0.0000000E+00
  0.0000000E+00
  0.0000000E+00
 -1.9572629E-07
  0.0000000E+00
  0.0000000E+00
  0.0000000E+00
  0.0000000E+00
  0.0000000E+00
  0.0000000E+00
  0.0000000E+00
  0.0000000E+00
  0.0000000E+00
  0.0000000E+00
  0.0000000E+00
  0.0000000E+00
  0.0000000E+00
  0.0000000E+00
  0.0000000E+00
  0.0000000E+00
  0.0000000E+00
  0.0000000E+00
  0.0000000E+00
  0.0000000E+00
  0.0000000E+00
  0.0000000E+00
  0.0000000E+00
  1.9036622E-07
  0.0000000E+00
  0.0000000E+00
  6.0227812E-08
  0.0000000E+00
  0.0000000E+00
  0.0000000E+00
  0.0000000E+00
  0.0000000E+00
  1.6766641E-08
  0.0000000E+00
  0.0000000E+00
  2.3172445E-08
  0.0000000E+00
  1.0791397E-08
  6.5218735E-08
  0.0000000E+00
  0.0000000E+00
  0.0000000E+00
  0.0000000E+00
  0.0000000E+00
  0.0000000E+00
  0.0000000E+00
  0.0000000E+00
  0.0000000E+00
  0.0000000E+00
  0.0000000E+00
  0.0000000E+00
  1.0108498E-08
 -2.9750151E-08
  1.0005429E-08
  2.8267028E-08
  0.0000000E+00
  0.0000000E+00
  0.0000000E+00
 -1.4415451E-07
  0.0000000E+00
  0.0000000E+00
  0.0000000E+00
  0.0000000E+00
  0.0000000E+00
  0.0000000E+00
  0.0000000E+00
  0.0000000E+00
  0.0000000E+00
  0.0000000E+00
  0.0000000E+00
 -8.7357016E-08
  0.0000000E+00
  0.0000000E+00
  0.0000000E+00
 -4.1400679E-07
  0.0000000E+00
  0.0000000E+00
 -1.3509367E-07
  0.0000000E+00
  0.0000000E+00
  1.3466973E-08
  0.0000000E+00
  0.0000000E+00
  0.0000000E+00
  0.0000000E+00
  0.0000000E+00
  0.0000000E+00
  0.0000000E+00
 -2.3905807E-08
 -2.1093592E-07
  0.0000000E+00
  0.0000000E+00
  0.0000000E+00
  0.0000000E+00
  0.0000000E+00
  0.0000000E+00
  0.0000000E+00
  0.0000000E+00
  0.0000000E+00
  0.0000000E+00
  0.0000000E+00
  0.0000000E+00
  0.0000000E+00
  0.0000000E+00
  0.0000000E+00
  0.0000000E+00
  0.0000000E+00
  0.0000000E+00
  0.0000000E+00
  0.0000000E+00
  0.0000000E+00
 -2.0400928E-07
  0.0000000E+00
  0.0000000E+00
  0.0000000E+00
  0.0000000E+00
  0.0000000E+00
  0.0000000E+00
  0.0000000E+00
  0.0000000E+00
  1.3577784E-07
  0.0000000E+00
  0.0000000E+00
  0.0000000E+00
  1.6355700E-09
  0.0000000E+00
  0.0000000E+00
  0.0000000E+00
  0.0000000E+00
  0.0000000E+00
  0.0000000E+00
  0.0000000E+00
  3.6148244E-08
 -1.3924512E-07
  1.6355700E-09
  0.0000000E+00
  7.7154233E-08
  0.0000000E+00
  0.0000000E+00
  0.0000000E+00
  0.0000000E+00
  0.0000000E+00
  0.0000000E+00
  0.0000000E+00
  0.0000000E+00
  0.0000000E+00
  0.0000000E+00
  0.0000000E+00
  0.0000000E+00
  0.0000000E+00
  0.0000000E+00
  5.3686986E-08
  0.0000000E+00
  0.0000000E+00
  0.0000000E+00
  0.0000000E+00
  1.9450114E-08
  0.0000000E+00
  0.0000000E+00
  0.0000000E+00
  0.0000000E+00
 -1.4457724E-07
  1.0137649E-08
  0.0000000E+00
  0.0000000E+00
  0.0000000E+00
  3.8461842E-08
  0.0000000E+00
  0.0000000E+00
  0.0000000E+00
  0.0000000E+00
  0.0000000E+00
  0.0000000E+00
  0.0000000E+00
  1.3750585E-07
  0.0000000E+00
  0.0000000E+00
  4.0427427E-08
  0.0000000E+00
  0.0000000E+00
 -1.1877259E-07
 -3.3604415E-08
  0.0000000E+00
  0.0000000E+00
  1.8378801E-08
  0.0000000E+00
  0.0000000E+00
  0.0000000E+00
  0.0000000E+00
  0.0000000E+00
  0.0000000E+00
  0.0000000E+00
  0.0000000E+00
 -6.4804219E-08
  0.0000000E+00
 -4.3838156E-07
 -3.2014675E-08
  0.0000000E+00
 -2.4785473E-08
 -2.6300600E-07
  1.1861587E-07
  0.0000000E+00
  0.0000000E+00
  0.0000000E+00
  0.0000000E+00
  0.0000000E+00
  0.0000000E+00
  0.0000000E+00
  7.3262832E-08
  0.0000000E+00
  0.0000000E+00
  0.0000000E+00
  4.4288257E-08
  0.0000000E+00
  0.0000000E+00
  0.0000000E+00
  0.0000000E+00
  1.2802685E-07
  4.0183622E-08
  0.0000000E+00
  0.0000000E+00
  0.0000000E+00
  0.0000000E+00
  0.0000000E+00
  0.0000000E+00
  0.0000000E+00
  0.0000000E+00
  0.0000000E+00
  0.0000000E+00
  0.0000000E+00
  0.0000000E+00
 -1.1589059E-07
  0.0000000E+00
  0.0000000E+00
  0.0000000E+00
  0.0000000E+00
  0.0000000E+00
  9.4712277E-08
  0.0000000E+00
  1.0449594E-07
  0.0000000E+00
  0.0000000E+00
  0.0000000E+00
  0.0000000E+00
  0.0000000E+00
  3.7286591E-07
 -3.5468084E-08
  0.0000000E+00
  0.0000000E+00
  0.0000000E+00
  1.9800922E-07
  7.4255496E-08
  0.0000000E+00
  0.0000000E+00
  0.0000000E+00
  0.0000000E+00
  0.0000000E+00
  0.0000000E+00
  0.0000000E+00
  0.0000000E+00
  0.0000000E+00
  0.0000000E+00
  0.0000000E+00
  0.0000000E+00
  0.0000000E+00
  4.8245184E-08
  0.0000000E+00
  0.0000000E+00
  0.0000000E+00
  0.0000000E+00
  0.0000000E+00
 -1.1389476E-07
  0.0000000E+00
  0.0000000E+00
  0.0000000E+00
 -3.5475588E-07
  0.0000000E+00
  0.0000000E+00
  0.0000000E+00
  0.0000000E+00
  0.0000000E+00
  0.0000000E+00
  0.0000000E+00
  0.0000000E+00
  0.0000000E+00
 -5.9217768E-08
  0.0000000E+00
  0.0000000E+00
  0.0000000E+00
  0.0000000E+00
 -3.9502396E-08
 -2.5362016E-08
  0.0000000E+00
  0.0000000E+00
  0.0000000E+00
  0.0000000E+00
  0.0000000E+00
  0.0000000E+00
  0.0000000E+00
  0.0000000E+00
  0.0000000E+00
  0.0000000E+00
  0.0000000E+00
  0.0000000E+00
  4.5832559E-07
  2.9991238E-08
  1.6703636E-07
  0.0000000E+00
  0.0000000E+00
  7.8804490E-08
  4.6433075E-07
  0.0000000E+00
  0.0000000E+00
 -6.5944498E-08
  0.0000000E+00
 -5.9788448E-08
  0.0000000E+00
  0.0000000E+00
  0.0000000E+00
  7.1793131E-08
  0.0000000E+00
 -5.7808357E-08
  0.0000000E+00
  1.7424375E-08
  0.0000000E+00
  0.0000000E+00
  0.0000000E+00
  1.6355700E-09
  0.0000000E+00
  0.0000000E+00
  0.0000000E+00
  0.0000000E+00
  0.0000000E+00
 -2.9621770E-08
  0.0000000E+00
  0.0000000E+00
  0.0000000E+00
  0.0000000E+00
  0.0000000E+00
  0.0000000E+00
  0.0000000E+00
  0.0000000E+00
  0.0000000E+00
  6.4177165E-08
  0.0000000E+00
  0.0000000E+00
  0.0000000E+00
  0.0000000E+00
  0.0000000E+00
  0.0000000E+00
  0.0000000E+00
  0.0000000E+00
  0.0000000E+00
  0.0000000E+00
  1.3802627E-08
  5.0299228E-08
 -3.4595228E-08
  0.0000000E+00
  1.2581305E-07
  8.7748120E-08
  0.0000000E+00
  0.0000000E+00
  0.0000000E+00
  0.0000000E+00
  0.0000000E+00
  0.0000000E+00
  0.0000000E+00
  2.7243086E-08
  0.0000000E+00
  0.0000000E+00
  0.0000000E+00
  0.0000000E+00
  0.0000000E+00
  0.0000000E+00
  0.0000000E+00
  0.0000000E+00
  0.0000000E+00
  0.0000000E+00
  0.0000000E+00
  0.0000000E+00
  0.0000000E+00
  0.0000000E+00
  0.0000000E+00
  0.0000000E+00
  1.2031295E-07
  0.0000000E+00
  0.0000000E+00
 -7.4895318E-08
  0.0000000E+00
  0.0000000E+00
  1.0381128E-07
 -3.2349092E-08
  0.0000000E+00
  0.0000000E+00
  0.0000000E+00
  2.6765983E-08
  0.0000000E+00
  0.0000000E+00
  7.2662147E-08
  0.0000000E+00
  0.0000000E+00
  0.0000000E+00
  0.0000000E+00
  0.0000000E+00
  0.0000000E+00
  0.0000000E+00
  0.0000000E+00
  0.0000000E+00
  0.0000000E+00
  0.0000000E+00
  0.0000000E+00
  0.0000000E+00
  0.0000000E+00
  0.0000000E+00
  0.0000000E+00
  0.0000000E+00
  0.0000000E+00
  0.0000000E+00
  0.0000000E+00
  0.0000000E+00
  0.0000000E+00
  0.0000000E+00
  0.0000000E+00
  0.0000000E+00
  0.0000000E+00
  0.0000000E+00
  0.0000000E+00
  0.0000000E+00
  0.0000000E+00
  0.0000000E+00
  0.0000000E+00
  0.0000000E+00
  0.0000000E+00
  0.0000000E+00
  0.0000000E+00
  5.4887458E-08
  0.0000000E+00
  0.0000000E+00
  0.0000000E+00
  0.0000000E+00
  0.0000000E+00
 -1.1773626E-07
  0.0000000E+00
 -4.1350216E-08
  0.0000000E+00
  0.0000000E+00
  0.0000000E+00
  0.0000000E+00
  4.6254389E-08
  0.0000000E+00
  0.0000000E+00
  2.0408786E-08
  0.0000000E+00
  0.0000000E+00
  0.0000000E+00
  0.0000000E+00
  0.0000000E+00
  0.0000000E+00
  0.0000000E+00
  0.0000000E+00
  0.0000000E+00
  4.6018126E-08
  0.0000000E+00
 -1.4211120E-08
  0.0000000E+00
  0.0000000E+00
 -4.2824315E-08
  0.0000000E+00
  1.6355700E-09
  1.0965094E-07
  0.0000000E+00
  1.0416626E-07
  0.0000000E+00
  8.6229960E-08
  0.0000000E+00
  0.0000000E+00
  4.7932581E-08
 -2.1667608E-08
  0.0000000E+00
  0.0000000E+00
  0.0000000E+00
  0.0000000E+00
  0.0000000E+00
  4.4107136E-08
  0.0000000E+00
  0.0000000E+00
  0.0000000E+00
  0.0000000E+00
  0.0000000E+00
  0.0000000E+00
  0.0000000E+00
  0.0000000E+00
 -8.1649475E-08
  0.0000000E+00
  0.0000000E+00
  0.0000000E+00
  0.0000000E+00
  0.0000000E+00
  0.0000000E+00
  0.0000000E+00
  0.0000000E+00
 -6.7820437E-08
  0.0000000E+00
 -2.4578304E-08
  0.0000000E+00
  0.0000000E+00
  0.0000000E+00
  0.0000000E+00
 -1.2779845E-08
 -1.0669053E-08
  3.6675559E-08
  0.0000000E+00
  0.0000000E+00
  0.0000000E+00
  0.0000000E+00
  0.0000000E+00
  0.0000000E+00
  0.0000000E+00
  0.0000000E+00
  0.0000000E+00
  0.0000000E+00
  0.0000000E+00
  0.0000000E+00
  0.0000000E+00
  0.0000000E+00
  0.0000000E+00
  1.3674409E-08
  0.0000000E+00
  0.0000000E+00
  0.0000000E+00
  0.0000000E+00
  0.0000000E+00
  0.0000000E+00
  0.0000000E+00
 -2.0682837E-08
