  0.3169339      0.4062994      0.1932198      0.2724176    
  7.5820781E-02  8.3335616E-02  4.0997613E-02  8.5578009E-02
  6.7788154E-02  9.9446036E-02  2.8103055E-02  8.3802484E-02
  5.0653296E-04  6.2801060E-04  3.8435694E-04  5.9411698E-04
  1.6912312E-05  2.1532498E-05  2.1502641E-05  1.6496228E-05
  1.4464045E-02  1.4464045E-02  1.2642569E-02  1.2642569E-02
  8.7138332E-02  8.7138332E-02  9.8194718E-02  9.8194718E-02
  0.8089533      0.9965517      0.6058466       1.456546    
  0.0000000E+00  0.0000000E+00  0.0000000E+00  0.0000000E+00
  0.0000000E+00  0.0000000E+00  0.0000000E+00  0.0000000E+00
  0.2070497      0.2157713     -2.1447362E-02  0.5129870    
   1.293718       1.414122       1.236402       1.121354    
  0.1169414      0.1169414      0.1169414      0.1169414    
   1.185005      0.8939504       1.462667       1.171689    
 -1.5876233E-03 -1.5810624E-03 -1.5303236E-03 -1.7049244E-03
