  0.4118927    
   1.337001    
  0.4518493    
  0.4586138    
  0.3473743    
   1.752498    
  0.3857862    
  0.3316686    
  0.2941893    
  0.9654602    
  0.2500000    
  0.6852185    
  0.4091387    
  0.4332153    
   1.416314    
  0.3316686    
  0.4348336    
  0.2500000    
  0.2679718    
  0.3635612    
   1.396449    
  0.4314732    
  0.3886385    
  0.3316686    
  0.2500000    
  0.9694251    
  0.2679718    
   1.591687    
  0.2500000    
  0.2500000    
   1.027962    
   1.504070    
  0.5219538    
  0.4518581    
  0.5587976    
  0.4992885    
  0.2500000    
  0.5628315    
  0.3988175    
  0.6622073    
  0.5635477    
  0.2500000    
  0.4201281    
  0.4424037    
  0.2500000    
  0.2500000    
  0.3223243    
  0.3635612    
  0.4094000    
  0.2500000    
  0.2500000    
   1.796877    
  0.3857862    
  0.2679718    
   1.418550    
  0.7024875    
   1.011599    
   1.004367    
  0.4518493    
  0.2500000    
  0.2500000    
   1.825303    
   1.527062    
   2.615557    
  0.2976076    
  0.2500000    
  0.2500000    
  0.3888333    
  0.2605569    
  0.2500000    
  0.2500000    
  0.4520181    
   1.028155    
  0.2500000    
  0.5430702    
  0.2500000    
   1.100546    
  0.2679718    
  0.4032237    
  0.2500000    
  0.7743917    
  0.2500000    
  0.3635612    
  0.2679718    
  0.2500000    
   1.470481    
  0.2500000    
  0.6494718    
   1.488846    
  0.2500000    
  0.4331718    
  0.5514675    
  0.4424037    
  0.2500000    
  0.2500000    
  0.2500000    
  0.4118607    
  0.2500000    
  0.2500000    
   1.597603    
  0.4091393    
  0.2500000    
   1.492955    
   2.970851    
  0.4586910    
   1.043004    
  0.3888098    
  0.2500000    
  0.3884659    
  0.2500000    
  0.5079589    
  0.2500000    
  0.4683192    
  0.2500000    
  0.2500000    
  0.2500000    
  0.5461052    
  0.6149165    
   1.172354    
   1.158779    
  0.2605569    
  0.6149165    
   1.163881    
  0.2500000    
  0.2500000    
  0.3529905    
  0.4257981    
   1.519721    
  0.2500000    
  0.4118585    
  0.2500000    
  0.5090666    
  0.3635612    
  0.3398143    
  0.2500000    
  0.3522064    
  0.4288696    
  0.2500000    
  0.2500000    
  0.4336506    
  0.2500000    
  0.3886875    
  0.2500000    
  0.3504776    
  0.3857862    
   1.505865    
  0.3316686    
  0.4331718    
   1.756931    
   1.178798    
   1.396618    
  0.2500000    
   1.535030    
  0.3922024    
  0.3217779    
  0.9863855    
  0.2500000    
  0.2500000    
  0.3316686    
  0.4118606    
  0.2500000    
  0.2500000    
  0.3382554    
  0.4525925    
  0.2677809    
   1.608268    
  0.6149165    
  0.7744234    
   1.023322    
  0.3887122    
  0.2500000    
  0.2500000    
  0.2500000    
  0.7742708    
  0.2679684    
  0.2500000    
  0.2500000    
  0.2500000    
  0.2500000    
   1.468723    
  0.4590198    
   2.348204    
  0.7743917    
  0.9203771    
  0.2500000    
  0.3635612    
  0.6056117    
  0.5283132    
  0.2500000    
   1.330689    
  0.4156883    
  0.2679718    
  0.3888018    
  0.4414692    
  0.3316686    
  0.9696774    
  0.4213571    
  0.4288732    
  0.8193892    
  0.4022623    
  0.6149165    
  0.2500000    
  0.2500000    
  0.4289004    
  0.2527578    
  0.9009494    
  0.2500000    
  0.4118606    
  0.7891995    
  0.4518450    
  0.2673934    
  0.2500000    
  0.3636029    
  0.2500000    
  0.4424231    
  0.2500000    
   1.373742    
  0.5516199    
  0.2673934    
  0.8624554    
  0.2500000    
  0.4596068    
  0.2500000    
  0.4576698    
  0.3952675    
  0.2500000    
  0.4790608    
  0.4268289    
   1.418550    
  0.6349407    
  0.2500000    
  0.2500000    
  0.4188201    
  0.6579284    
  0.3316686    
  0.2500000    
  0.4387729    
   1.447094    
  0.2500000    
  0.2500000    
  0.3857862    
  0.2500000    
  0.4288732    
  0.2500000    
  0.2500000    
  0.3635612    
  0.2500000    
  0.2500000    
  0.2500000    
  0.8802089    
  0.8279371    
  0.4396819    
   1.271101    
  0.7408959    
  0.4118606    
   1.168887    
  0.2500000    
  0.8003667    
  0.3635612    
  0.3857862    
  0.2500000    
  0.2976402    
  0.2500000    
  0.6920119    
  0.4289046    
  0.2500000    
  0.2500000    
  0.2500000    
  0.3839274    
  0.4962026    
  0.7743917    
  0.5230671    
  0.3313577    
  0.2500000    
  0.4091947    
  0.3806469    
  0.7742699    
  0.3316686    
  0.2500000    
  0.5680368    
  0.3029238    
  0.2500000    
  0.4521656    
  0.4424114    
  0.3888098    
  0.2500000    
  0.3857862    
  0.2500000    
   1.201233    
  0.2500000    
  0.2679718    
  0.2679718    
   1.874308    
  0.3635612    
  0.4252352    
  0.3316746    
  0.2500000    
   1.516125    
  0.4385281    
  0.2500000    
  0.3316686    
   1.644177    
   1.604020    
  0.2500000    
  0.2500000    
  0.2500000    
  0.4070473    
  0.2500000    
  0.2679718    
  0.3219817    
   1.702312    
  0.5785741    
  0.4313264    
  0.2500000    
  0.4335839    
   1.288938    
   1.139676    
  0.2500000    
  0.2500000    
  0.4118698    
   1.294521    
  0.8674521    
  0.2500000    
   1.482847    
  0.6505892    
  0.4277859    
  0.2500000    
  0.3888098    
   1.585435    
  0.3857862    
  0.4031892    
  0.4232152    
  0.4250766    
  0.2500000    
  0.6322150    
  0.2605569    
  0.2500000    
  0.2500000    
  0.2500000    
  0.2500000    
  0.2500000    
  0.2500000    
  0.3635862    
   1.826134    
  0.8307858    
  0.2500000    
  0.3529905    
  0.9680131    
  0.4315000    
  0.3888098    
  0.2500000    
  0.2500000    
  0.8762568    
  0.3857862    
  0.2500000    
  0.5352310    
   1.851670    
  0.4288732    
  0.4118606    
  0.2605569    
   1.039420    
  0.4014048    
  0.2606266    
  0.2500000    
  0.2500000    
  0.9102374    
  0.2500000    
  0.8453814    
  0.2500000    
  0.2500000    
  0.2500000    
  0.3316686    
  0.3316686    
   1.531808    
  0.2500000    
  0.4191024    
   1.210260    
  0.2500000    
   2.378805    
  0.2677048    
  0.7140587    
  0.2500000    
  0.4518493    
  0.2500000    
  0.4288732    
   1.640628    
  0.4716890    
  0.4349262    
  0.2882432    
  0.7742699    
  0.4816162    
  0.2500000    
  0.3888112    
   1.592905    
  0.5168732    
  0.3316686    
  0.6991717    
  0.5071036    
  0.2500000    
  0.2500000    
  0.9463691    
  0.2500000    
  0.2500000    
   1.044636    
  0.2500000    
  0.2500000    
   1.381929    
  0.2500000    
  0.2500000    
  0.3635612    
  0.3887122    
  0.4118606    
  0.2500000    
  0.2500000    
  0.7123839    
  0.5775903    
  0.3316686    
  0.3316686    
  0.4566707    
  0.2500000    
  0.6149774    
   1.295225    
  0.4288696    
  0.4006107    
   1.228399    
  0.2500000    
   1.442008    
  0.2500000    
  0.3635612    
  0.2500000    
  0.3857862    
  0.2500000    
  0.9415046    
  0.2679718    
  0.2500000    
  0.2500000    
  0.2500000    
  0.2500000    
   1.303938    
   1.041646    
   1.334413    
  0.4808453    
  0.9097857    
  0.2679718    
   1.260808    
  0.4091387    
   2.615789    
  0.2500000    
  0.4525461    
   1.584672    
  0.2672690    
  0.2500000    
  0.4636219    
   1.603118    
  0.8204458    
  0.2500000    
  0.2500000    
   3.130139    
  0.4554412    
   1.707964    
  0.4331718    
  0.4424037    
  0.2500000    
  0.3074025    
  0.2673934    
  0.4118606    
  0.3857862    
  0.3853180    
  0.2500000    
  0.4971108    
  0.4289393    
  0.7742699    
   1.061360    
  0.9009494    
   1.724464    
  0.2500000    
  0.6151522    
  0.9337451    
  0.2500000    
   1.264377    
  0.2500000    
  0.5071785    
  0.3719200    
  0.4014073    
  0.2500000    
  0.9172069    
  0.2500000    
  0.4118698    
  0.8872183    
  0.2777165    
  0.2500000    
  0.4091537    
  0.2680493    
  0.3529905    
  0.9426656    
   1.074496    
  0.2500000    
   1.532574    
  0.4070473    
  0.2500000    
  0.6781635    
  0.3801928    
  0.2500000    
  0.2500000    
  0.4118594    
  0.4784162    
  0.3316686    
   1.395207    
   1.007404    
  0.2500000    
  0.7743917    
  0.2500000    
  0.9837381    
   1.515247    
   1.306112    
  0.3598528    
  0.2679718    
  0.2605569    
  0.4716179    
  0.9720932    
  0.2500000    
  0.4518493    
  0.3635612    
   1.515255    
  0.3316686    
  0.2500000    
  0.9009494    
  0.2500000    
  0.2500000    
   1.648077    
  0.6365591    
  0.2500000    
  0.7743917    
   1.024849    
  0.3857862    
   1.347726    
  0.2879431    
  0.2500000    
  0.7743917    
  0.2500000    
  0.2500000    
  0.8090793    
  0.7742699    
  0.2500000    
  0.9654189    
  0.2500000    
   1.128118    
   1.540098    
  0.4599410    
  0.3893793    
  0.2500000    
  0.4339329    
  0.6505662    
   1.242825    
   1.304101    
  0.5128446    
  0.2500000    
  0.2679718    
  0.2500000    
  0.3501299    
   1.402620    
   1.984844    
  0.4336842    
  0.9009494    
  0.6564683    
  0.4359940    
  0.2587546    
  0.3633836    
   1.522415    
  0.4331946    
  0.2500000    
  0.4094277    
  0.2500000    
   1.529390    
  0.5303764    
  0.2500000    
  0.6282405    
  0.2500000    
  0.4421926    
  0.9009494    
  0.2500000    
   1.591101    
  0.2500000    
  0.3635612    
  0.2500000    
  0.6775487    
  0.2500000    
  0.2500000    
  0.2500000    
  0.4599105    
  0.4683976    
   1.418550    
   1.068941    
  0.2679718    
  0.2500000    
  0.2500000    
  0.2500000    
  0.6149165    
  0.4508050    
  0.7680452    
  0.4289990    
  0.7744387    
  0.2500000    
  0.4118608    
  0.7743031    
  0.8930709    
  0.2500000    
   1.168701    
  0.4550520    
  0.2500000    
  0.4740595    
   1.394281    
   2.973983    
  0.2679718    
  0.6644995    
  0.4129479    
  0.3768658    
  0.7743917    
  0.3888098    
  0.4519614    
  0.6206472    
  0.2500000    
  0.2500000    
   1.757012    
  0.2500000    
  0.5856434    
  0.2500000    
   1.027962    
  0.5546772    
  0.2500000    
  0.2650884    
  0.3857862    
  0.3359077    
  0.2500000    
  0.2500000    
  0.2500000    
   1.524476    
   1.163881    
  0.3888098    
  0.2679718    
  0.2679718    
  0.2500000    
   1.249363    
  0.2500000    
  0.2500000    
  0.2500000    
  0.2500000    
  0.2500000    
   1.163881    
   1.676404    
   1.175772    
   1.312726    
  0.3888099    
  0.4118606    
  0.3857862    
   1.791412    
  0.2500000    
  0.5085399    
  0.3888098    
  0.4118606    
  0.4331718    
  0.2500000    
  0.4935277    
  0.2500000    
   1.396723    
  0.2500000    
  0.2500000    
   4.646345    
  0.2500000    
   1.828755    
  0.5640496    
  0.4400196    
  0.2500000    
  0.2500000    
  0.2679718    
  0.5894933    
  0.5664080    
  0.2605569    
  0.2500000    
  0.6149165    
   1.141438    
   1.369953    
  0.4518493    
  0.4013774    
  0.2500000    
   1.261930    
  0.4633735    
  0.2500000    
   1.130089    
  0.3316686    
  0.4065613    
  0.5265213    
   1.895699    
  0.2500000    
  0.2976402    
  0.4535197    
  0.5143221    
  0.7708130    
  0.2500000    
   1.636621    
  0.3316686    
  0.2500000    
  0.3783949    
  0.4719957    
  0.3888098    
  0.2500000    
  0.4656471    
  0.4331718    
  0.4118656    
  0.3635612    
  0.2500000    
  0.3853180    
   1.630515    
  0.9728040    
  0.4148377    
  0.9102740    
  0.5129797    
   1.313221    
  0.5300129    
  0.2500000    
  0.4272282    
  0.2500000    
  0.3683488    
  0.4381152    
  0.2500000    
  0.5147997    
  0.2500000    
  0.3316686    
  0.4794651    
  0.6568791    
  0.4119239    
  0.2680735    
  0.2500000    
  0.4935277    
  0.2500000    
  0.2679718    
  0.2500000    
  0.7742699    
  0.2500000    
  0.2500000    
  0.2500000    
   1.144877    
  0.2500000    
  0.3857862    
  0.2500000    
  0.2500000    
  0.4771052    
  0.3105870    
  0.4336102    
  0.6350937    
  0.4518493    
   1.946572    
  0.4070473    
  0.2500000    
  0.2679718    
  0.2500000    
  0.3316686    
   1.767917    
  0.4518468    
  0.2500000    
   1.518936    
  0.7053732    
  0.2500000    
  0.4397645    
  0.2500000    
  0.3635986    
  0.4460495    
  0.3635612    
  0.2500000    
  0.2500000    
   2.510726    
  0.2500000    
  0.4518493    
  0.2500000    
  0.7742699    
  0.4022311    
   2.821730    
  0.4841570    
  0.2500000    
   1.274964    
  0.2878146    
  0.3316686    
  0.2500000    
   1.472778    
  0.3994888    
  0.4780752    
  0.2514121    
  0.2500000    
  0.6992085    
  0.4118606    
  0.4424034    
  0.9009839    
  0.4091387    
  0.2500000    
  0.3676167    
  0.8276080    
  0.9009494    
   1.484449    
  0.2500000    
  0.2500000    
  0.2500000    
  0.5670559    
  0.2500000    
   1.252220    
   1.163881    
  0.6970532    
  0.4499047    
  0.2500000    
  0.3888098    
  0.4437867    
  0.3223243    
  0.4288732    
  0.2500000    
  0.4118617    
  0.3801928    
  0.9102831    
  0.2500000    
   1.383228    
  0.2500000    
  0.4343994    
  0.4118606    
  0.4424037    
   1.163881    
  0.2500000    
   1.748499    
  0.4518493    
   1.028432    
  0.6149165    
  0.7428672    
  0.2818454    
   1.357699    
  0.2500000    
  0.2500000    
   1.806319    
  0.2500000    
  0.2500000    
  0.4387137    
  0.2500000    
   2.303513    
  0.2679718    
   1.168701    
  0.3635612    
  0.4424036    
  0.3689293    
  0.2500000    
  0.3635612    
   1.260521    
   1.301007    
  0.6056117    
  0.4118606    
  0.4288732    
  0.2500000    
   1.456523    
  0.2500000    
   1.494908    
  0.7681367    
  0.2500000    
   2.069772    
  0.2500000    
   1.150188    
  0.2500000    
  0.4118606    
  0.6056151    
   1.028493    
   1.416228    
  0.2500000    
  0.4273474    
  0.2500000    
  0.2500000    
  0.2500000    
  0.4969298    
   1.448020    
  0.3316686    
  0.2677048    
   1.415584    
  0.3857862    
  0.2500000    
  0.2500000    
   1.279585    
  0.3067678    
  0.6056117    
  0.4520036    
   1.778209    
  0.4119574    
  0.5094933    
  0.3587386    
  0.2500000    
  0.2500000    
  0.4252252    
  0.4424044    
  0.2677451    
  0.4720892    
  0.4171371    
  0.3768658    
   1.309721    
  0.4518493    
   1.007666    
  0.4288983    
  0.4020979    
  0.4357947    
  0.2500000    
  0.2500000    
  0.2500000    
  0.5336083    
  0.2902340    
  0.2500000    
   2.496600    
  0.2500000    
  0.3857862    
  0.4091527    
  0.2500000    
  0.3857862    
  0.3635612    
  0.5103430    
  0.2500000    
  0.2574456    
  0.5123703    
  0.2500000    
  0.2500000    
  0.3493987    
  0.2500000    
  0.4365651    
  0.3635612    
  0.2679718    
   1.529390    
  0.4331779    
   2.167376    
  0.2500000    
  0.2500000    
  0.2500000    
  0.3635613    
  0.2500000    
  0.4289056    
   1.027962    
  0.2500000    
   1.389536    
  0.4428460    
   1.369296    
  0.2500000    
  0.4518493    
  0.4120204    
  0.2969779    
  0.2500000    
  0.4288732    
  0.6056967    
  0.2500000    
  0.6007758    
  0.3316686    
  0.3675534    
   1.303938    
  0.6149165    
  0.2500000    
  0.2679718    
  0.3217773    
  0.2521144    
   1.544827    
  0.3635612    
  0.2500000    
  0.2500000    
  0.5306270    
  0.3316686    
  0.2500000    
  0.4962564    
   2.173267    
  0.4257981    
   1.324759    
  0.6775064    
  0.2679718    
  0.2500000    
  0.8307600    
  0.4518493    
  0.2500000    
  0.4794758    
  0.3888098    
  0.2500000    
  0.3316686    
  0.4231731    
  0.2500000    
  0.2500000    
  0.3888336    
   1.334149    
  0.4518501    
  0.2500000    
  0.2500000    
   1.623908    
  0.3635612    
  0.2606934    
  0.4118606    
   1.302010    
  0.9644245    
  0.3013036    
  0.8671576    
  0.2500000    
   1.564173    
  0.3635612    
  0.3904576    
  0.3857862    
  0.7680452    
  0.3316686    
  0.2500000    
   1.027962    
  0.2500000    
  0.2500000    
  0.2500000    
  0.3656725    
  0.2500000    
  0.9102740    
   1.163881    
  0.2500000    
  0.4984442    
  0.3601289    
  0.5452542    
  0.4118606    
  0.2500000    
  0.2500000    
  0.2500000    
  0.2500000    
  0.2500000    
  0.2625797    
  0.2500000    
  0.2500000    
  0.2679718    
   1.137828    
  0.4336959    
  0.4518460    
  0.2500000    
  0.2500000    
  0.2500000    
  0.4091504    
   1.225625    
  0.4045536    
  0.4503590    
  0.2500000    
  0.2500000    
  0.2500000    
  0.3547745    
  0.2500000    
  0.2553802    
  0.4423242    
  0.2500000    
  0.2500000    
  0.9939962    
  0.2500000    
  0.9878496    
  0.3875574    
  0.4424210    
  0.2500000    
  0.4440081    
  0.5185090    
  0.8276049    
  0.3316686    
   1.168720    
  0.4518626    
  0.2500000    
   1.203981    
   1.664663    
   1.214764    
  0.2500000    
  0.2679718    
  0.4048259    
  0.4491591    
  0.2500000    
  0.3670939    
  0.2679718    
  0.2500000    
  0.2500000    
   1.271101    
  0.9102374    
  0.2500000    
   1.284197    
   1.190512    
  0.3857862    
  0.4133042    
   1.055557    
  0.5870520    
  0.2673934    
  0.2500000    
  0.3635612    
  0.5333279    
   1.027962    
  0.6149165    
  0.3635612    
   1.271101    
  0.2500000    
  0.3888086    
  0.2769937    
  0.4255035    
  0.4206358    
  0.2500000    
  0.2500000    
  0.5214269    
  0.4075552    
  0.4331718    
  0.2500000    
  0.4467722    
   1.569615    
  0.2500000    
  0.4118607    
  0.3888099    
  0.2500000    
   1.027962    
  0.2500000    
  0.2692312    
  0.2500000    
  0.2500000    
  0.2500000    
  0.3625535    
  0.4288732    
  0.2658179    
  0.3857862    
  0.3316686    
   1.299694    
  0.6715752    
  0.3635902    
  0.2500000    
  0.4424037    
  0.3316746    
   1.421759    
   1.540098    
   1.512576    
  0.6014078    
  0.5320216    
   1.472778    
  0.2500000    
  0.3316686    
  0.6056117    
  0.3362774    
  0.2501138    
  0.3888098    
  0.2500000    
  0.3857862    
  0.2679718    
  0.5482804    
  0.6149165    
  0.4199136    
  0.4517632    
  0.9198621    
  0.7407257    
  0.3888098    
  0.2500000    
  0.3635612    
  0.4687032    
  0.3223243    
  0.3961528    
  0.2500000    
  0.2500000    
  0.2500000    
  0.2679718    
  0.2500000    
  0.4324453    
  0.4331992    
  0.4443510    
  0.4584083    
  0.3857862    
   1.511831    
  0.3857862    
  0.4190691    
  0.4118606    
   1.471454    
  0.2500000    
  0.6056117    
   1.098241    
  0.3888098    
  0.3316686    
  0.7125031    
  0.2500000    
   1.484651    
  0.4091387    
  0.4358157    
   1.261634    
   1.154617    
  0.4453320    
  0.4686979    
  0.4231778    
  0.2500000    
  0.4101597    
  0.2500000    
  0.2500000    
  0.2500000    
   1.164713    
  0.2500000    
   1.472778    
  0.6056117    
  0.3313577    
   1.503252    
  0.2500000    
  0.3316687    
   1.389845    
  0.2500000    
  0.5244604    
   1.636475    
  0.2679718    
  0.5599113    
   1.319008    
  0.4014593    
  0.2500000    
  0.4631157    
  0.2500000    
  0.2500000    
  0.2500000    
  0.6808264    
  0.5855572    
   1.686019    
  0.2500000    
  0.4935277    
  0.4518493    
  0.2500000    
  0.5097808    
   1.475470    
  0.3635612    
  0.2500000    
  0.3888098    
  0.2500000    
  0.4092343    
  0.2500000    
  0.4074008    
  0.2500000    
  0.4288996    
  0.2500000    
  0.3558337    
  0.2500000    
  0.2500000    
  0.4194099    
  0.6149165    
  0.2500000    
  0.3316686    
  0.4288732    
  0.4060872    
  0.5487449    
  0.2500000    
  0.2500000    
  0.2500000    
  0.2500000    
  0.7743917    
  0.9102374    
  0.2500000    
   1.470743    
  0.7744387    
   1.145896    
  0.7875024    
   1.028432    
  0.4424210    
  0.2500000    
  0.2500000    
  0.4319305    
  0.2500000    
   1.729613    
   1.163881    
  0.3830959    
  0.2500000    
  0.2500000    
   1.163881    
  0.3635612    
  0.3888402    
  0.2500000    
  0.2500000    
  0.2500000    
  0.2500000    
  0.2500000    
  0.2500000    
  0.2500000    
  0.2500000    
   1.271101    
  0.7474458    
  0.2500000    
   1.502353    
  0.3888098    
  0.6922999    
  0.2500000    
  0.3735305    
  0.2679666    
  0.4110737    
  0.2500000    
  0.2500000    
  0.7699744    
  0.4118606    
  0.3316686    
  0.3887296    
  0.4375329    
  0.2500000    
  0.2500000    
   1.123582    
  0.2500000    
  0.2500000    
  0.2679718    
  0.2500000    
  0.4331718    
  0.2679718    
  0.5225554    
  0.2677809    
  0.9836844    
  0.8553097    
   1.477374    
  0.4091387    
  0.2554820    
  0.3223243    
  0.2500000    
  0.5902758    
  0.2500000    
  0.2500000    
  0.4424209    
  0.4515158    
  0.4004643    
  0.2500000    
  0.6677791    
  0.2500000    
  0.3316686    
  0.4284998    
  0.2677809    
   1.138105    
  0.7226498    
  0.4518493    
  0.7905073    
  0.2500000    
  0.2500000    
  0.4288732    
  0.7428672    
  0.3888098    
  0.2734242    
  0.2500000    
  0.2679666    
  0.2873486    
  0.3223243    
  0.4118606    
  0.2500000    
  0.2500000    
  0.2500000    
  0.2500000    
  0.2500000    
  0.2679718    
  0.3206162    
   1.948555    
   1.416976    
  0.2500000    
  0.2500000    
  0.3020732    
  0.4496156    
  0.4535495    
  0.2500000    
  0.2500000    
   1.338047    
  0.4787216    
  0.2500000    
  0.2679718    
  0.4518493    
  0.4360232    
  0.3635612    
  0.9009494    
  0.2500000    
  0.2500000    
  0.2500000    
  0.2500000    
  0.3857862    
   3.973961    
  0.4289231    
  0.2500000    
  0.3888098    
  0.2535820    
   1.031890    
   2.446491    
  0.8309464    
  0.2500000    
  0.2679718    
  0.2500000    
   1.046584    
  0.2500000    
   1.304699    
  0.4331718    
  0.4091387    
  0.2500000    
  0.4528668    
  0.7323118    
  0.3916219    
  0.4288732    
  0.2500000    
  0.2500000    
  0.2500000    
  0.2500000    
   1.169005    
   1.696084    
  0.4287617    
  0.2500000    
  0.3316686    
  0.4412045    
   1.529390    
   1.028432    
  0.2679718    
  0.4424239    
  0.2500000    
  0.3529659    
   1.228399    
  0.2500000    
  0.2500000    
  0.9344300    
  0.4331718    
  0.4331718    
   1.271101    
  0.4092050    
  0.5131954    
  0.4781432    
  0.4406748    
  0.9682752    
  0.3735828    
   1.027962    
   1.154563    
  0.2500000    
  0.2500000    
  0.4941489    
  0.9190224    
  0.3993562    
  0.2500000    
   1.347148    
  0.2500000    
  0.4167370    
  0.4187002    
  0.2500000    
   1.030092    
  0.2500000    
  0.9076248    
  0.4244261    
  0.4424037    
  0.4129631    
  0.4186121    
   1.264359    
   1.483445    
  0.4091387    
  0.4528303    
  0.2500000    
  0.2500000    
  0.2500000    
  0.2500000    
   1.389682    
  0.2500000    
  0.2500000    
  0.2500000    
   1.408643    
   1.534379    
  0.9009494    
  0.4810140    
  0.4424037    
  0.8044055    
   1.117582    
  0.3635612    
  0.2500000    
  0.4110004    
   1.544331    
   1.203301    
  0.9009494    
  0.2679718    
   1.305160    
  0.2677809    
  0.6533000    
  0.4290040    
  0.4287617    
  0.3961544    
  0.3635612    
  0.2500000    
  0.5102554    
  0.2500000    
  0.2679718    
  0.2500000    
  0.2679718    
  0.3695358    
  0.2500000    
  0.2500000    
  0.4267952    
  0.4159672    
  0.2500000    
  0.3316686    
  0.4118656    
  0.4174584    
  0.2500000    
  0.2500000    
  0.2734413    
  0.3888098    
  0.2683229    
  0.3316686    
  0.4428672    
   1.302818    
  0.7742699    
  0.2500000    
  0.7111086    
  0.5263742    
  0.2500000    
  0.3059303    
  0.2500000    
   2.226333    
   1.264886    
  0.9880855    
  0.3635612    
  0.6056117    
  0.3730254    
  0.2500000    
   1.168701    
  0.2500000    
  0.3119532    
  0.3857862    
  0.2500000    
   1.377503    
  0.2597339    
  0.2945516    
  0.2500000    
  0.3635612    
  0.2500000    
  0.2500000    
   1.523191    
  0.4231731    
  0.2605569    
   1.658421    
   1.192405    
  0.2500000    
  0.4175318    
  0.2500000    
  0.2500000    
  0.3635612    
  0.4732445    
  0.4944068    
  0.2500000    
   1.168887    
  0.3635631    
  0.4048259    
  0.2500000    
  0.4250754    
   1.027962    
  0.5609608    
  0.2500000    
  0.3857862    
  0.2500000    
  0.5418732    
  0.2500000    
   1.600390    
  0.2500000    
  0.2500000    
  0.2500000    
  0.2500000    
  0.4397424    
  0.3730254    
  0.2707832    
  0.4251318    
  0.2500000    
   1.261027    
  0.4288732    
  0.3223243    
   1.163881    
   1.215339    
   1.240444    
  0.2510963    
  0.3316686    
  0.2500000    
   2.706806    
  0.8529553    
   1.473782    
   1.175703    
  0.2500000    
  0.4118606    
  0.2500000    
  0.2500000    
  0.2500000    
  0.3857862    
  0.3801714    
  0.2500000    
   1.994411    
  0.2500000    
   1.168887    
  0.4060872    
  0.2500000    
  0.2500000    
  0.4051035    
  0.2500000    
  0.4518493    
  0.4453163    
  0.2500000    
  0.2500000    
  0.2605569    
  0.6149165    
  0.3635612    
   1.431083    
  0.4436538    
  0.9083841    
  0.6149165    
  0.2500000    
  0.2500000    
  0.2500000    
  0.2500000    
  0.2509933    
   1.365008    
  0.5572464    
  0.2500000    
  0.3316686    
  0.2937219    
  0.8989558    
  0.2500000    
  0.4517511    
  0.4935277    
  0.6007090    
   1.146667    
  0.4117749    
   1.027962    
  0.2500000    
  0.4404432    
  0.2500000    
  0.9102374    
  0.2500000    
  0.2679718    
  0.9180549    
   1.027962    
   1.271101    
  0.8308372    
   1.478610    
  0.2500000    
  0.2500000    
  0.2500000    
  0.7746024    
  0.2500000    
  0.3219457    
   1.312909    
  0.2500000    
  0.2500000    
  0.3753943    
  0.4711152    
   1.275412    
  0.2500000    
   1.423591    
  0.3857862    
  0.4330487    
  0.2500000    
  0.4163165    
  0.2500000    
  0.7646938    
  0.9003664    
  0.2500000    
  0.4118606    
  0.9009494    
  0.2500000    
  0.2500000    
  0.7614793    
  0.3635612    
   1.335139    
  0.2500000    
  0.3180943    
  0.2679718    
  0.3316686    
  0.2500000    
  0.2500000    
   1.017072    
   1.418550    
  0.4984426    
  0.2672690    
  0.4273809    
  0.9982290    
  0.3514867    
  0.2500000    
  0.3857862    
   1.254178    
   1.966007    
  0.2500000    
  0.2500000    
  0.2500000    
  0.4969813    
  0.4066140    
  0.3316686    
  0.4635176    
  0.2500000    
  0.3285645    
  0.2500000    
  0.2500000    
  0.9194806    
  0.4372767    
   1.869062    
  0.4091392    
  0.2500000    
  0.3689313    
   1.489876    
  0.4118606    
  0.6056117    
  0.2500000    
  0.2758729    
  0.2500000    
  0.3931888    
  0.4897573    
  0.5150174    
  0.2500000    
   1.271101    
  0.4331718    
  0.2500000    
   1.472778    
  0.2500000    
  0.2500000    
  0.3779428    
  0.3888098    
  0.2500000    
   1.526547    
  0.3857862    
  0.3217779    
  0.4019630    
  0.2500000    
  0.4331719    
  0.2500000    
  0.2500000    
  0.6267241    
  0.4118607    
   1.428450    
   1.163881    
  0.6712238    
  0.2500000    
  0.2500000    
  0.7742699    
  0.4331718    
  0.8137537    
  0.2500000    
  0.2500000    
  0.2500000    
   1.235200    
  0.2500000    
   1.491449    
  0.2500000    
  0.4704234    
   1.889608    
   1.529434    
  0.6149165    
   1.137361    
  0.2500000    
   1.453124    
  0.3316686    
  0.8510901    
  0.4492809    
  0.2500000    
  0.2500000    
  0.3857862    
  0.4788138    
  0.2500000    
  0.2500000    
  0.2500000    
  0.3316686    
   1.940531    
  0.2500000    
   1.271101    
  0.4600452    
   2.649430    
   1.411689    
  0.2500000    
  0.2500000    
   1.749106    
  0.3316686    
  0.3857862    
  0.3888845    
  0.3635612    
  0.3857862    
   1.271101    
  0.2993208    
  0.3635612    
  0.2500000    
  0.6149165    
  0.2500000    
  0.2500000    
  0.2500000    
   1.442503    
  0.6021509    
  0.2500000    
  0.7743523    
  0.4659548    
  0.4877567    
  0.2500000    
  0.2500000    
  0.4091720    
  0.5401115    
  0.2500000    
  0.2500000    
  0.2500000    
  0.3316686    
   1.271101    
   1.168701    
  0.3223243    
  0.2500000    
   1.348559    
  0.2500000    
   1.673837    
   1.549131    
   1.909106    
  0.4159260    
  0.3888098    
  0.2673934    
  0.4518493    
  0.5948287    
  0.2500000    
  0.3635631    
  0.8889273    
  0.2679718    
   1.473782    
  0.2500000    
  0.7742699    
  0.9102374    
   1.011467    
  0.4410802    
  0.2679718    
  0.8694319    
  0.3635612    
  0.2500000    
  0.5054214    
  0.4920766    
  0.2500000    
  0.5037344    
   1.729875    
  0.3635612    
  0.2500000    
  0.2500000    
  0.4057610    
   1.685370    
  0.2500000    
  0.3190793    
  0.4424037    
  0.2500000    
  0.7743917    
  0.9709162    
  0.8812505    
  0.2500000    
   1.227013    
  0.2500000    
  0.2500000    
  0.4231731    
  0.4118698    
  0.9009494    
  0.3635612    
  0.4341493    
   1.598914    
  0.9402826    
  0.9362305    
  0.8146191    
  0.2500000    
  0.4935816    
  0.2500000    
  0.2500000    
  0.2500000    
  0.2500000    
  0.2500000    
  0.2500000    
  0.3316686    
  0.2500000    
  0.3888098    
  0.4045593    
  0.2500000    
  0.2500000    
  0.4117056    
   1.331665    
  0.2500000    
  0.4424037    
  0.2664514    
  0.2500000    
  0.2500000    
  0.4091387    
  0.2500000    
   1.319096    
  0.4347869    
  0.4518493    
  0.2500000    
  0.2500000    
  0.2500000    
   1.509238    
  0.4091387    
  0.2500000    
  0.2684490    
  0.2500000    
  0.4355697    
  0.6149165    
   1.027962    
  0.2597336    
  0.2500000    
  0.3207580    
   1.168962    
  0.2500000    
  0.2679718    
  0.9378979    
   1.484082    
  0.3635986    
  0.3888098    
  0.3249214    
  0.3648765    
   3.079827    
  0.5023860    
  0.3779428    
  0.4675075    
  0.4070473    
  0.2500000    
   1.180528    
  0.4244261    
  0.3857862    
  0.2500000    
   1.472778    
   1.279030    
  0.2677048    
  0.9364067    
  0.6056117    
  0.2500000    
  0.4562830    
  0.4011904    
  0.4091387    
  0.3055007    
  0.2500000    
  0.3857862    
   1.039418    
   1.510512    
  0.2500000    
  0.5710214    
  0.2500000    
   1.336792    
  0.3857862    
  0.2500000    
   1.085968    
  0.2500000    
  0.2500000    
  0.2500000    
  0.3529905    
   1.132117    
  0.6615681    
  0.2500000    
  0.4288732    
  0.3375791    
  0.2500000    
  0.2631508    
  0.2500000    
   1.028458    
  0.4498296    
  0.6149165    
  0.2500000    
  0.2500000    
   1.490893    
  0.2500000    
  0.2679718    
  0.3635558    
  0.2673934    
  0.2500000    
  0.6149165    
  0.2500000    
  0.3316732    
  0.2500000    
  0.4091393    
  0.9102718    
  0.2500000    
  0.2500972    
  0.2500000    
  0.9809752    
  0.4350247    
   1.330887    
  0.2500000    
  0.7235882    
  0.7742699    
   1.484449    
  0.2500000    
  0.2521145    
   1.082620    
  0.2500000    
  0.2500000    
  0.4223169    
  0.9329186    
  0.3353747    
  0.9469980    
  0.7318699    
  0.2500000    
  0.3316686    
  0.4653264    
   1.418164    
  0.2500000    
  0.8977690    
  0.2500000    
  0.3316686    
  0.4498725    
  0.9009494    
   1.688062    
  0.4297574    
  0.6019556    
  0.2500000    
  0.2500000    
  0.2500000    
  0.3899083    
  0.2500000    
  0.4131638    
  0.8299980    
  0.5344167    
  0.2500000    
  0.3857862    
   1.028432    
  0.2500000    
  0.5845146    
   1.591422    
  0.4554412    
  0.9682105    
  0.2500000    
  0.4288732    
  0.3901641    
  0.2500000    
  0.3049107    
  0.2500000    
  0.2500000    
  0.2500000    
   1.271101    
  0.2500000    
   1.794523    
  0.3801928    
  0.2560290    
  0.2500000    
