  0.0000000E+00
   4.611089    
  0.0000000E+00
   1.491280    
  0.8105019    
   1.424981    
  0.0000000E+00
  0.8649405    
  0.5534886    
   1.253084    
   3.165346    
   1.234798    
  0.0000000E+00
   2.349992    
  0.0000000E+00
   1.201387    
  0.4346604    
   1.771256    
   3.032400    
  0.0000000E+00
  0.0000000E+00
   1.048445    
  0.9988697    
   6.031793    
   6.963808    
  0.0000000E+00
  0.0000000E+00
  0.0000000E+00
   1.340627    
  0.5450681    
  0.0000000E+00
  0.0000000E+00
   3.533309    
  0.0000000E+00
   3.204484    
   2.289332    
  0.3954241    
  0.0000000E+00
   1.304787    
  0.0000000E+00
  0.0000000E+00
   2.966762    
   10.53266    
  0.5971105    
   1.672815    
  0.0000000E+00
  0.8323084    
  0.0000000E+00
  0.0000000E+00
   1.061535    
  0.0000000E+00
   2.792842    
  0.0000000E+00
   1.042497    
   2.844640    
   1.284344    
  0.0000000E+00
  0.0000000E+00
  0.0000000E+00
  0.2557342    
  0.0000000E+00
  0.0000000E+00
   2.236083    
  0.0000000E+00
  0.0000000E+00
   1.470749    
  0.5250868    
  0.0000000E+00
  0.0000000E+00
   2.946212    
  0.0000000E+00
  0.9417203    
  0.4219474    
  0.0000000E+00
  0.7288687    
  0.0000000E+00
  0.4992622    
   1.512169    
  0.0000000E+00
  0.0000000E+00
   1.225576    
  0.0000000E+00
  0.4236170    
  0.0000000E+00
  0.0000000E+00
   2.934751    
  0.0000000E+00
  0.0000000E+00
  0.6786875    
  0.0000000E+00
  0.0000000E+00
   3.246030    
   1.501799    
  0.0000000E+00
  0.0000000E+00
   4.897770    
  0.0000000E+00
   1.298133    
  0.0000000E+00
  0.0000000E+00
  0.0000000E+00
   2.076375    
  0.0000000E+00
   1.254904    
  0.0000000E+00
  0.4105729    
  0.0000000E+00
  0.0000000E+00
  0.5257233    
   4.564091    
  0.5762393    
   3.055048    
  0.0000000E+00
   3.698087    
  0.0000000E+00
  0.0000000E+00
   1.273755    
  0.0000000E+00
  0.5779311    
   1.614667    
  0.0000000E+00
  0.0000000E+00
  0.0000000E+00
  0.0000000E+00
  0.9048269    
   1.663355    
   3.264403    
  0.0000000E+00
  0.0000000E+00
   3.161484    
   7.052975    
  0.0000000E+00
  0.9063344    
  0.6250905    
  0.0000000E+00
  0.0000000E+00
  0.9572873    
  0.0000000E+00
  0.0000000E+00
  0.0000000E+00
   1.772466    
   3.843957    
  0.0000000E+00
  0.0000000E+00
  0.0000000E+00
  0.0000000E+00
  0.4415912    
  0.0000000E+00
   1.363127    
  0.0000000E+00
  0.0000000E+00
  0.0000000E+00
   7.058872    
  0.0000000E+00
  0.0000000E+00
  0.0000000E+00
   2.283428    
  0.0000000E+00
  0.0000000E+00
  0.0000000E+00
  0.0000000E+00
   1.400168    
  0.0000000E+00
  0.0000000E+00
  0.0000000E+00
  0.0000000E+00
   1.191859    
   1.071268    
   8.967611    
   42.07271    
   4.086627    
  0.0000000E+00
  0.0000000E+00
   3.405062    
   2.566283    
   2.906477    
  0.0000000E+00
  0.0000000E+00
  0.6576196    
   1.256368    
  0.0000000E+00
  0.0000000E+00
   2.025474    
   4.008116    
  0.0000000E+00
  0.0000000E+00
   2.454451    
   2.810728    
  0.0000000E+00
  0.5894341    
  0.0000000E+00
  0.0000000E+00
  0.0000000E+00
   2.164002    
  0.0000000E+00
   1.056228    
   1.722660    
  0.3435133    
  0.8226425    
  0.2972120    
  0.0000000E+00
  0.6090044    
   10.75961    
  0.0000000E+00
  0.0000000E+00
  0.0000000E+00
  0.0000000E+00
  0.0000000E+00
  0.0000000E+00
  0.0000000E+00
   1.443292    
   1.548403    
  0.9847056    
  0.0000000E+00
  0.0000000E+00
  0.0000000E+00
  0.0000000E+00
  0.0000000E+00
   3.919206    
  0.7667683    
   1.893846    
  0.0000000E+00
  0.0000000E+00
  0.0000000E+00
  0.0000000E+00
   1.136042    
  0.6446118    
  0.0000000E+00
  0.0000000E+00
   1.333863    
  0.0000000E+00
  0.0000000E+00
  0.0000000E+00
  0.0000000E+00
  0.0000000E+00
   3.050365    
   1.825865    
   1.709733    
   8.478841    
  0.0000000E+00
   4.035504    
  0.0000000E+00
  0.0000000E+00
  0.0000000E+00
  0.0000000E+00
  0.0000000E+00
  0.0000000E+00
  0.0000000E+00
   1.734188    
   4.036677    
  0.0000000E+00
   2.792497    
  0.0000000E+00
   2.994487    
  0.0000000E+00
  0.0000000E+00
   1.872821    
  0.0000000E+00
   1.076112    
  0.0000000E+00
  0.0000000E+00
   3.062190    
  0.8030607    
  0.0000000E+00
  0.7704805    
   2.201762    
   1.887747    
  0.8561444    
   2.380975    
  0.0000000E+00
  0.0000000E+00
  0.4507281    
  0.0000000E+00
  0.7127480    
  0.8033773    
  0.0000000E+00
  0.0000000E+00
  0.0000000E+00
  0.0000000E+00
  0.0000000E+00
  0.0000000E+00
   2.883365    
  0.0000000E+00
  0.0000000E+00
  0.0000000E+00
  0.0000000E+00
  0.0000000E+00
  0.0000000E+00
  0.0000000E+00
   1.831691    
   1.222062    
  0.0000000E+00
  0.0000000E+00
  0.8017665    
  0.0000000E+00
   1.492391    
  0.0000000E+00
  0.0000000E+00
  0.0000000E+00
   5.654522    
   1.042529    
  0.0000000E+00
   3.078292    
  0.0000000E+00
  0.0000000E+00
  0.0000000E+00
   1.028747    
   1.092454    
  0.0000000E+00
  0.3354371    
  0.7424840    
  0.0000000E+00
  0.0000000E+00
  0.0000000E+00
  0.0000000E+00
   2.299578    
   2.137252    
  0.0000000E+00
   2.431503    
  0.4226665    
  0.0000000E+00
  0.0000000E+00
   11.55361    
  0.0000000E+00
   1.544280    
  0.0000000E+00
  0.0000000E+00
  0.1563043    
  0.8823744    
   5.401872    
   2.885610    
  0.0000000E+00
   3.141566    
   1.280045    
  0.0000000E+00
   4.147762    
  0.0000000E+00
  0.0000000E+00
  0.0000000E+00
  0.0000000E+00
  0.0000000E+00
  0.0000000E+00
  0.0000000E+00
   2.070314    
  0.0000000E+00
   1.053204    
  0.0000000E+00
   1.102506    
  0.9509879    
   3.017393    
  0.0000000E+00
  0.9433780    
  0.0000000E+00
  0.0000000E+00
  0.0000000E+00
   1.308926    
  0.3790137    
  0.0000000E+00
   1.709388    
  0.0000000E+00
  0.0000000E+00
  0.0000000E+00
  0.7339603    
   1.359910    
  0.0000000E+00
  0.0000000E+00
   1.563569    
   2.508929    
   2.825806    
  0.8571928    
   11.01158    
  0.0000000E+00
  0.0000000E+00
   1.434246    
  0.0000000E+00
  0.0000000E+00
  0.0000000E+00
  0.5349290    
  0.0000000E+00
   3.594939    
  0.0000000E+00
  0.0000000E+00
  0.0000000E+00
  0.0000000E+00
  0.0000000E+00
  0.2502988    
  0.4732032    
  0.0000000E+00
  0.0000000E+00
  0.0000000E+00
   1.077738    
   7.164726    
  0.0000000E+00
  0.0000000E+00
   1.526029    
   1.232731    
  0.0000000E+00
  0.0000000E+00
  0.0000000E+00
  0.5227036    
   5.570088    
   1.456870    
  0.0000000E+00
  0.0000000E+00
  0.0000000E+00
  0.0000000E+00
   2.877753    
  0.0000000E+00
  0.0000000E+00
  0.0000000E+00
  0.7927791    
  0.0000000E+00
  0.0000000E+00
  0.0000000E+00
   2.806230    
  0.0000000E+00
  0.0000000E+00
  0.0000000E+00
  0.0000000E+00
  0.0000000E+00
  0.0000000E+00
  0.8845962    
  0.0000000E+00
  0.0000000E+00
   9.036288    
  0.0000000E+00
  0.5695507    
  0.0000000E+00
  0.0000000E+00
  0.0000000E+00
   2.315276    
  0.1726221    
   1.670802    
  0.0000000E+00
  0.0000000E+00
  0.0000000E+00
  0.6031532    
  0.0000000E+00
   1.835900    
  0.0000000E+00
  0.0000000E+00
   3.179541    
   2.021675    
   1.265376    
  0.0000000E+00
  0.0000000E+00
  0.0000000E+00
  0.0000000E+00
  0.0000000E+00
   2.387692    
  0.0000000E+00
  0.0000000E+00
  0.0000000E+00
  0.0000000E+00
   2.954081    
   1.485602    
  0.0000000E+00
  0.0000000E+00
  0.0000000E+00
  0.0000000E+00
  0.3531449    
  0.0000000E+00
   1.315052    
   4.717704    
   3.880348    
  0.1535905    
   8.522439    
  0.0000000E+00
  0.0000000E+00
  0.0000000E+00
   1.814450    
  0.0000000E+00
  0.0000000E+00
   3.150687    
  0.0000000E+00
  0.0000000E+00
   2.472539    
  0.5574005    
  0.0000000E+00
  0.0000000E+00
  0.0000000E+00
  0.0000000E+00
  0.0000000E+00
  0.5778247    
  0.0000000E+00
  0.0000000E+00
  0.0000000E+00
   2.033068    
  0.0000000E+00
  0.9605370    
  0.0000000E+00
  0.0000000E+00
  0.0000000E+00
   1.037804    
  0.0000000E+00
   4.154958    
   1.230761    
   1.326203    
  0.0000000E+00
  0.0000000E+00
  0.0000000E+00
  0.0000000E+00
   6.045441    
  0.0000000E+00
  0.2423963    
  0.0000000E+00
  0.0000000E+00
  0.0000000E+00
  0.0000000E+00
   3.382277    
  0.0000000E+00
   1.399123    
  0.0000000E+00
   2.266555    
  0.0000000E+00
   1.947967    
  0.0000000E+00
  0.9695579    
  0.4334429    
  0.3865184    
   4.772414    
  0.0000000E+00
  0.0000000E+00
   8.097816    
   1.833998    
   6.042608    
  0.0000000E+00
  0.8739808    
  0.0000000E+00
   3.610510    
   4.514991    
  0.0000000E+00
   1.993269    
  0.0000000E+00
   5.989728    
  0.0000000E+00
  0.0000000E+00
  0.0000000E+00
  0.0000000E+00
   1.605364    
   16.95794    
  0.6702099    
  0.0000000E+00
  0.0000000E+00
   2.343874    
   1.680817    
   2.491662    
  0.0000000E+00
  0.0000000E+00
  0.0000000E+00
   1.730438    
   2.203140    
  0.0000000E+00
  0.0000000E+00
   1.646390    
  0.0000000E+00
  0.6029646    
  0.0000000E+00
  0.6006423    
  0.0000000E+00
  0.0000000E+00
  0.0000000E+00
   3.055269    
   3.222798    
  0.0000000E+00
  0.0000000E+00
   3.237955    
  0.8209209    
  0.0000000E+00
  0.8238296    
   1.296769    
   1.374677    
  0.5334748    
   6.164313    
  0.0000000E+00
   1.441992    
   1.107038    
   1.269917    
  0.0000000E+00
  0.6848729    
  0.0000000E+00
  0.0000000E+00
   1.022842    
  9.9593133E-02
  0.8912278    
  0.0000000E+00
   9.534904    
  0.0000000E+00
  0.0000000E+00
  0.0000000E+00
  0.0000000E+00
  0.0000000E+00
   2.250768    
  0.0000000E+00
  0.0000000E+00
  0.0000000E+00
  0.0000000E+00
   1.612038    
  0.0000000E+00
  0.0000000E+00
  0.0000000E+00
  0.0000000E+00
  0.8120638    
  0.0000000E+00
  0.0000000E+00
   1.372684    
   1.170424    
  0.0000000E+00
   11.06585    
   2.141308    
  0.3429216    
  0.0000000E+00
  0.0000000E+00
   4.560855    
  0.0000000E+00
   1.295419    
  0.0000000E+00
  0.0000000E+00
   1.016732    
  0.0000000E+00
  0.9998895    
  0.0000000E+00
  0.0000000E+00
   5.398876    
   2.079726    
  0.0000000E+00
  0.0000000E+00
  0.0000000E+00
  0.0000000E+00
  0.0000000E+00
  0.0000000E+00
  0.0000000E+00
   10.05313    
   4.067692    
   5.312766    
   2.164411    
   1.679515    
  0.0000000E+00
  0.0000000E+00
   1.393417    
  0.0000000E+00
  0.0000000E+00
  0.4809225    
  0.0000000E+00
   17.36384    
  0.0000000E+00
   2.050689    
  0.6181806    
  0.0000000E+00
  0.0000000E+00
   4.731923    
  0.0000000E+00
  0.0000000E+00
  0.0000000E+00
   2.404952    
  0.0000000E+00
  0.0000000E+00
   1.068691    
  0.0000000E+00
  0.7985645    
  0.0000000E+00
  0.0000000E+00
   4.379947    
   3.638947    
   1.707454    
  0.7046742    
  0.0000000E+00
  0.0000000E+00
  0.0000000E+00
  0.0000000E+00
  0.0000000E+00
  0.5048912    
  0.9805225    
  0.0000000E+00
  0.0000000E+00
  0.0000000E+00
  0.0000000E+00
   2.011480    
  0.0000000E+00
   1.261187    
  0.5782803    
  0.0000000E+00
  0.0000000E+00
   2.667238    
  0.0000000E+00
   5.503008    
  0.0000000E+00
  0.8708006    
   2.051202    
  0.0000000E+00
   6.673264    
   5.168779    
  0.0000000E+00
  0.0000000E+00
  0.0000000E+00
   1.856294    
  0.0000000E+00
   1.447588    
  0.0000000E+00
   2.859801    
   2.701310    
  0.0000000E+00
  0.7787746    
   1.731197    
  0.0000000E+00
  0.0000000E+00
   4.126767    
  0.0000000E+00
   3.351081    
  0.0000000E+00
   1.138260    
  0.7752535    
  0.0000000E+00
   1.000377    
   1.523301    
  0.0000000E+00
  0.0000000E+00
   2.429452    
   3.570335    
  0.0000000E+00
  0.0000000E+00
  0.0000000E+00
  0.0000000E+00
  0.0000000E+00
  0.0000000E+00
  0.0000000E+00
  0.0000000E+00
  0.0000000E+00
  0.0000000E+00
   5.551688    
  0.3218214    
  0.0000000E+00
   1.885206    
  0.0000000E+00
  0.0000000E+00
   2.043873    
  0.0000000E+00
  0.0000000E+00
  0.0000000E+00
   5.128367    
  0.0000000E+00
  0.0000000E+00
  0.0000000E+00
  0.0000000E+00
   1.583480    
  0.0000000E+00
  0.5182738    
   15.12969    
   1.821307    
  0.0000000E+00
   1.211434    
  0.0000000E+00
  0.0000000E+00
   4.111393    
  0.7357159    
  0.0000000E+00
  0.0000000E+00
  0.0000000E+00
   1.544534    
   1.212626    
  0.0000000E+00
  0.6116825    
  0.0000000E+00
  0.0000000E+00
  0.0000000E+00
  0.0000000E+00
  0.0000000E+00
  0.0000000E+00
  0.0000000E+00
  0.4439611    
  0.0000000E+00
  0.0000000E+00
   4.735297    
  0.0000000E+00
  0.0000000E+00
  0.0000000E+00
  0.0000000E+00
   3.626570    
  0.0000000E+00
   1.972301    
   2.624105    
  0.0000000E+00
  0.0000000E+00
   6.552057    
   4.413161    
  0.0000000E+00
  0.0000000E+00
  0.0000000E+00
   1.281583    
   1.397491    
  0.5407603    
   2.319518    
  0.0000000E+00
  0.0000000E+00
  0.0000000E+00
  0.0000000E+00
   2.566650    
   2.656030    
  0.0000000E+00
  0.0000000E+00
  0.0000000E+00
  0.0000000E+00
   8.785508    
  0.0000000E+00
   1.245370    
  0.3622750    
  0.0000000E+00
   1.290107    
  0.9800956    
  0.0000000E+00
  0.0000000E+00
  0.0000000E+00
  0.9028893    
  0.0000000E+00
   1.925751    
  0.0000000E+00
  0.0000000E+00
  0.0000000E+00
  0.0000000E+00
  0.0000000E+00
   1.426339    
   2.206257    
   1.126459    
  0.0000000E+00
  0.0000000E+00
  0.6378884    
   1.702822    
  0.0000000E+00
   2.201159    
  0.0000000E+00
  0.0000000E+00
  0.0000000E+00
  0.0000000E+00
  0.1755031    
   1.558390    
   1.960258    
  0.0000000E+00
   4.734336    
   1.067613    
   5.769575    
  0.0000000E+00
  0.0000000E+00
   6.412726    
   1.851312    
  0.4474706    
  0.4418470    
  0.0000000E+00
  0.0000000E+00
  0.0000000E+00
  0.0000000E+00
   1.166930    
  0.0000000E+00
  0.0000000E+00
   5.570170    
  0.0000000E+00
   1.510390    
  0.0000000E+00
  0.0000000E+00
  0.3188826    
  0.0000000E+00
  0.0000000E+00
  0.6205878    
   2.818290    
   4.333798    
   1.554484    
  0.8774230    
   2.500633    
  0.0000000E+00
  0.0000000E+00
  0.0000000E+00
   4.638719    
  0.0000000E+00
  0.0000000E+00
  0.0000000E+00
   2.127823    
  0.0000000E+00
  0.9349728    
  0.9992132    
  0.0000000E+00
   3.438072    
  0.0000000E+00
  0.0000000E+00
   2.408683    
   3.456705    
  0.0000000E+00
  0.0000000E+00
   2.278317    
  0.0000000E+00
   1.824686    
  0.0000000E+00
  0.0000000E+00
  0.4425623    
  0.0000000E+00
  0.0000000E+00
  0.0000000E+00
  0.5762485    
  0.8891048    
   9.771867    
  0.0000000E+00
   2.573538    
  0.0000000E+00
  0.9995157    
   1.783511    
  0.0000000E+00
  0.0000000E+00
  0.0000000E+00
  0.0000000E+00
  0.0000000E+00
  0.0000000E+00
   1.129271    
   4.369249    
  0.0000000E+00
  0.0000000E+00
  0.0000000E+00
  0.0000000E+00
  0.0000000E+00
  0.0000000E+00
  0.7963680    
  0.0000000E+00
   1.193746    
  0.7710702    
   3.885442    
  0.0000000E+00
  0.0000000E+00
   1.095753    
  0.0000000E+00
  0.0000000E+00
  0.0000000E+00
  0.0000000E+00
  0.5761857    
  0.0000000E+00
  0.8109243    
   2.054658    
  0.0000000E+00
   4.291086    
   3.646949    
  0.0000000E+00
  0.7817311    
  0.5927081    
  0.0000000E+00
  0.0000000E+00
  0.0000000E+00
  0.0000000E+00
  0.0000000E+00
  0.0000000E+00
  0.0000000E+00
   1.594768    
  0.0000000E+00
  0.0000000E+00
   2.556098    
  0.0000000E+00
  0.9392986    
   2.885689    
   5.393107    
   1.169804    
  0.0000000E+00
  0.0000000E+00
  0.9155559    
   5.135853    
  0.0000000E+00
  0.0000000E+00
   3.310124    
   9.459570    
  0.3227144    
  0.0000000E+00
  0.0000000E+00
  0.0000000E+00
  0.0000000E+00
  0.0000000E+00
  0.6756147    
  0.0000000E+00
  0.0000000E+00
   2.541211    
  0.0000000E+00
  0.0000000E+00
  0.0000000E+00
   1.284986    
   1.013513    
  0.0000000E+00
  0.0000000E+00
  0.0000000E+00
  0.0000000E+00
  0.0000000E+00
  0.0000000E+00
   7.490041    
  0.0000000E+00
   1.494623    
  0.0000000E+00
  0.9226860    
  0.0000000E+00
  0.0000000E+00
  0.0000000E+00
   5.549353    
  0.0000000E+00
  0.6334050    
  0.0000000E+00
  0.0000000E+00
   8.529941    
  0.1150141    
  0.0000000E+00
  0.0000000E+00
  0.0000000E+00
  0.0000000E+00
  0.0000000E+00
  0.0000000E+00
  0.5578824    
  0.0000000E+00
  0.0000000E+00
  0.7031768    
  0.4478577    
   1.864554    
  0.3126248    
  0.6439165    
   8.060865    
  0.0000000E+00
   1.519872    
  0.0000000E+00
  0.0000000E+00
  0.0000000E+00
   8.091328    
  0.0000000E+00
   3.592853    
  0.5516557    
  0.0000000E+00
  0.0000000E+00
  0.0000000E+00
  0.5678554    
   4.030905    
   8.140777    
  0.0000000E+00
  0.0000000E+00
  0.5921388    
  0.0000000E+00
  0.0000000E+00
  0.0000000E+00
  0.0000000E+00
  0.0000000E+00
  0.0000000E+00
   5.304641    
   1.968739    
  0.5025979    
  0.0000000E+00
  0.0000000E+00
   1.294535    
  0.0000000E+00
   5.346426    
   1.890879    
  0.0000000E+00
  0.0000000E+00
   17.83281    
   5.530377    
   2.197467    
  0.0000000E+00
   1.030722    
   1.522270    
  0.0000000E+00
  0.0000000E+00
   2.935827    
  0.0000000E+00
   1.869918    
   7.186142    
  0.0000000E+00
   3.029138    
  0.0000000E+00
   1.947535    
  0.0000000E+00
  0.0000000E+00
   9.358871    
   1.398722    
  0.0000000E+00
  0.0000000E+00
  0.0000000E+00
  0.0000000E+00
  0.9113281    
   1.106536    
  0.0000000E+00
   3.964459    
   6.467464    
  0.6388354    
  0.0000000E+00
  0.0000000E+00
  0.0000000E+00
  0.0000000E+00
  0.0000000E+00
  0.0000000E+00
  0.0000000E+00
  0.4227934    
   2.246377    
   1.062186    
  0.2202020    
  0.0000000E+00
  0.0000000E+00
   1.728845    
  0.0000000E+00
  0.0000000E+00
  0.7079695    
   1.161850    
  0.0000000E+00
  0.0000000E+00
  0.0000000E+00
   2.794582    
  0.0000000E+00
  0.9918809    
  0.0000000E+00
  0.0000000E+00
  0.3279312    
  0.0000000E+00
  0.0000000E+00
  0.6127954    
  0.0000000E+00
  0.0000000E+00
  0.0000000E+00
  0.0000000E+00
  0.0000000E+00
  0.0000000E+00
   10.23968    
   1.141635    
  0.0000000E+00
   3.186350    
  0.0000000E+00
  0.6015308    
  0.0000000E+00
  0.0000000E+00
  0.0000000E+00
  0.0000000E+00
  0.8115026    
  0.0000000E+00
  0.5427169    
  0.0000000E+00
  0.0000000E+00
  0.0000000E+00
   1.052203    
  0.0000000E+00
  0.0000000E+00
  0.0000000E+00
   1.667332    
  0.0000000E+00
  0.6426643    
  0.0000000E+00
  0.0000000E+00
  0.3981752    
  0.0000000E+00
  0.0000000E+00
  0.0000000E+00
  0.2028770    
  0.0000000E+00
  0.9436507    
  0.0000000E+00
   2.057206    
  0.0000000E+00
  0.0000000E+00
  0.0000000E+00
  0.0000000E+00
  0.0000000E+00
  0.0000000E+00
  0.0000000E+00
  0.0000000E+00
  0.0000000E+00
  0.0000000E+00
  0.0000000E+00
  0.5072432    
  0.0000000E+00
  0.0000000E+00
   1.169198    
  0.0000000E+00
  0.8287104    
   3.088948    
  0.0000000E+00
  0.0000000E+00
  0.0000000E+00
  0.0000000E+00
  0.0000000E+00
  0.0000000E+00
  0.8273832    
  0.6713468    
   10.14088    
   2.756610    
   6.002391    
  0.0000000E+00
  0.0000000E+00
  0.0000000E+00
  0.0000000E+00
  0.9196712    
  0.0000000E+00
  0.0000000E+00
  0.0000000E+00
  0.0000000E+00
   1.809445    
  0.0000000E+00
  0.0000000E+00
  0.4993084    
  0.0000000E+00
  0.0000000E+00
   3.837022    
   1.610246    
   1.889890    
  0.0000000E+00
  0.5115309    
   1.610215    
  0.0000000E+00
  0.0000000E+00
  0.0000000E+00
  0.0000000E+00
  0.9215822    
  0.0000000E+00
  0.0000000E+00
  0.2805506    
  0.0000000E+00
   1.074797    
   1.870305    
  0.0000000E+00
   1.059722    
   1.632902    
   5.557900    
  0.0000000E+00
  0.0000000E+00
  0.0000000E+00
  0.9571956    
  0.0000000E+00
  0.0000000E+00
  0.0000000E+00
  0.4136913    
  0.0000000E+00
  0.0000000E+00
  0.0000000E+00
  0.0000000E+00
  0.0000000E+00
  0.0000000E+00
  0.0000000E+00
  0.0000000E+00
  0.0000000E+00
  0.0000000E+00
  0.0000000E+00
   3.494503    
  0.9645844    
  0.0000000E+00
  0.0000000E+00
  0.8170416    
   2.123550    
   3.641991    
   1.816400    
  0.0000000E+00
  0.0000000E+00
   1.421358    
  0.0000000E+00
  0.0000000E+00
  0.0000000E+00
  0.8263562    
  0.0000000E+00
   3.069157    
  0.0000000E+00
  0.0000000E+00
  0.5560788    
  0.0000000E+00
   2.518597    
  0.0000000E+00
   2.179986    
  0.0000000E+00
  0.0000000E+00
  0.0000000E+00
   7.007817    
  0.0000000E+00
  0.0000000E+00
   2.556670    
  0.0000000E+00
  0.4077988    
   25.09656    
  0.9361448    
   2.122382    
  0.0000000E+00
  0.0000000E+00
  0.3545107    
  0.0000000E+00
   1.903124    
  0.0000000E+00
   1.774804    
  0.7232422    
  0.0000000E+00
  0.0000000E+00
   3.260921    
  0.0000000E+00
   1.491457    
   1.361839    
   3.420743    
  0.0000000E+00
  0.0000000E+00
  0.0000000E+00
  0.0000000E+00
   2.285755    
  0.0000000E+00
   2.468460    
  0.0000000E+00
  0.0000000E+00
  0.0000000E+00
  0.0000000E+00
  0.0000000E+00
  0.0000000E+00
   1.550340    
  0.0000000E+00
  0.0000000E+00
  0.0000000E+00
  0.5782929    
  0.0000000E+00
   14.31245    
  0.0000000E+00
   2.472935    
   3.346910    
  0.0000000E+00
  0.0000000E+00
   3.591154    
  0.0000000E+00
  0.0000000E+00
  0.0000000E+00
   2.682603    
  0.0000000E+00
  0.0000000E+00
   2.476890    
  0.0000000E+00
  0.0000000E+00
   1.219160    
  0.0000000E+00
  0.0000000E+00
  0.0000000E+00
  0.0000000E+00
   7.429000    
   34.45488    
  0.0000000E+00
  0.6978785    
  0.0000000E+00
   1.266909    
  0.0000000E+00
   6.656151    
   2.865733    
  0.0000000E+00
  0.8154412    
  0.5676754    
  0.0000000E+00
  0.0000000E+00
  0.6358500    
  0.0000000E+00
  0.0000000E+00
   7.621660    
  0.0000000E+00
   2.113613    
  0.0000000E+00
  0.8416042    
  0.0000000E+00
   2.720722    
   10.93795    
  0.0000000E+00
  0.0000000E+00
   3.017545    
   1.114387    
  0.0000000E+00
  0.0000000E+00
   2.213669    
   2.276082    
  0.0000000E+00
  0.0000000E+00
  0.0000000E+00
  0.1612433    
  0.0000000E+00
  0.0000000E+00
  0.2768449    
  0.8241736    
  0.0000000E+00
   15.10576    
  0.0000000E+00
  0.0000000E+00
  0.0000000E+00
  0.0000000E+00
  0.0000000E+00
  0.0000000E+00
  0.2716021    
  0.0000000E+00
  0.0000000E+00
  0.0000000E+00
  0.0000000E+00
   1.610353    
   4.002234    
  0.0000000E+00
  0.0000000E+00
  0.0000000E+00
  0.8879863    
   1.719384    
  0.5945590    
  0.0000000E+00
  0.0000000E+00
   2.697134    
  0.0000000E+00
  0.0000000E+00
  0.0000000E+00
   1.815071    
  0.0000000E+00
   1.034276    
  0.0000000E+00
  0.0000000E+00
   1.895321    
  0.0000000E+00
  0.0000000E+00
  0.0000000E+00
   4.571474    
  0.0000000E+00
   1.083744    
  0.0000000E+00
   1.815056    
  0.0000000E+00
   3.181991    
  0.0000000E+00
  0.0000000E+00
  0.0000000E+00
  0.0000000E+00
  0.6238929    
  0.0000000E+00
   16.12920    
   9.383801    
   1.662806    
  0.0000000E+00
  0.0000000E+00
  0.0000000E+00
   1.469407    
  0.0000000E+00
  0.7032314    
  0.0000000E+00
  0.6313833    
  0.0000000E+00
  0.1540496    
   4.393612    
   7.278441    
  0.9595565    
  0.4329177    
  0.0000000E+00
  0.9299857    
  0.0000000E+00
  0.4405887    
   1.289167    
   1.456610    
  0.0000000E+00
   2.999547    
   3.961342    
  0.0000000E+00
   2.443194    
  0.4237552    
  0.0000000E+00
  0.0000000E+00
  0.0000000E+00
  0.0000000E+00
  0.0000000E+00
  0.0000000E+00
  0.0000000E+00
  0.0000000E+00
  0.0000000E+00
  0.0000000E+00
  0.0000000E+00
  0.0000000E+00
  0.0000000E+00
  0.0000000E+00
  0.0000000E+00
  0.0000000E+00
  0.4671487    
  0.0000000E+00
  0.0000000E+00
  0.0000000E+00
   4.765103    
   2.087001    
  0.0000000E+00
  0.0000000E+00
  0.0000000E+00
  0.0000000E+00
  0.0000000E+00
  0.0000000E+00
  0.0000000E+00
   1.167579    
  0.7957590    
   2.555189    
  0.0000000E+00
  0.0000000E+00
  0.2399359    
   4.182432    
   1.066442    
  0.0000000E+00
  0.0000000E+00
   1.730112    
  0.0000000E+00
   6.254087    
  0.0000000E+00
   1.226406    
  0.6981782    
  0.0000000E+00
   2.816972    
   1.725287    
   1.549218    
   2.627865    
  0.0000000E+00
   1.351718    
  0.0000000E+00
   1.375269    
  0.0000000E+00
  0.0000000E+00
  0.0000000E+00
   3.705776    
  0.0000000E+00
  0.0000000E+00
  0.0000000E+00
  0.0000000E+00
  0.0000000E+00
  0.0000000E+00
  0.0000000E+00
  0.0000000E+00
   2.399591    
  0.0000000E+00
   1.134662    
  0.0000000E+00
  0.0000000E+00
  0.0000000E+00
  0.0000000E+00
  0.0000000E+00
  0.0000000E+00
   1.301956    
   4.401815    
  0.3570840    
  0.0000000E+00
  0.3262564    
  0.0000000E+00
  0.9773468    
  0.0000000E+00
  0.5632250    
  0.0000000E+00
   6.885905    
  0.0000000E+00
   1.342911    
   1.761540    
   1.439973    
  0.0000000E+00
  0.5524611    
  0.0000000E+00
  0.0000000E+00
  0.0000000E+00
   2.787938    
  0.8047371    
  0.0000000E+00
  0.0000000E+00
  0.2807161    
  0.0000000E+00
  0.0000000E+00
   2.944527    
   1.232912    
  0.3611485    
   1.195085    
  0.0000000E+00
   1.170753    
  0.0000000E+00
  0.0000000E+00
  0.0000000E+00
  0.0000000E+00
   1.067752    
  0.0000000E+00
  0.0000000E+00
  0.0000000E+00
  0.0000000E+00
  0.3270137    
  0.0000000E+00
  0.0000000E+00
  0.0000000E+00
  0.0000000E+00
   7.419308    
  0.0000000E+00
  0.0000000E+00
  0.0000000E+00
  0.8833508    
  0.0000000E+00
  0.0000000E+00
  0.9097950    
   2.028022    
   1.085563    
   1.239144    
  0.0000000E+00
  0.0000000E+00
  0.0000000E+00
  0.0000000E+00
  0.6775304    
  0.0000000E+00
  0.0000000E+00
   1.598271    
  0.0000000E+00
   1.439901    
  0.0000000E+00
  0.0000000E+00
  0.0000000E+00
  0.0000000E+00
  0.0000000E+00
  0.0000000E+00
  0.0000000E+00
  0.8475394    
   8.627287    
   4.036118    
   2.279562    
  0.0000000E+00
  0.0000000E+00
  0.0000000E+00
  0.6087572    
  0.0000000E+00
  0.0000000E+00
  0.0000000E+00
  0.0000000E+00
   1.012996    
  0.0000000E+00
  0.5683631    
   2.117820    
  0.0000000E+00
   1.664075    
  0.0000000E+00
   4.237623    
  0.0000000E+00
  0.8564262    
  0.0000000E+00
  0.0000000E+00
  0.0000000E+00
  0.5586722    
  0.0000000E+00
  0.0000000E+00
   6.851734    
   2.744322    
   11.98610    
   1.667147    
   1.672151    
  0.0000000E+00
  0.0000000E+00
   7.989149    
  0.0000000E+00
  0.0000000E+00
  0.0000000E+00
   2.053221    
  0.6700960    
   5.672978    
  0.0000000E+00
  0.9559886    
   18.62670    
  0.0000000E+00
  0.0000000E+00
  0.0000000E+00
  0.0000000E+00
  0.0000000E+00
   1.645369    
  0.0000000E+00
   1.619465    
  0.0000000E+00
  0.0000000E+00
   9.928008    
   2.463838    
  0.6333866    
  0.0000000E+00
   1.280717    
  0.9690874    
  0.0000000E+00
   1.177164    
   3.089414    
  0.9225436    
  0.0000000E+00
  0.0000000E+00
  0.0000000E+00
   9.119723    
  0.0000000E+00
  0.1097841    
  0.0000000E+00
  0.0000000E+00
  0.0000000E+00
   1.384056    
  0.0000000E+00
   2.345027    
  0.0000000E+00
  0.0000000E+00
   1.301728    
  0.0000000E+00
  0.0000000E+00
  0.0000000E+00
   2.179906    
  0.7367581    
   3.242964    
  0.0000000E+00
  0.9719046    
  0.0000000E+00
  0.0000000E+00
  0.0000000E+00
  0.0000000E+00
   4.967722    
  0.0000000E+00
   1.622074    
   4.669040    
  0.0000000E+00
  0.0000000E+00
  0.0000000E+00
  0.0000000E+00
  0.0000000E+00
  0.0000000E+00
   7.496399    
  0.0000000E+00
   1.312887    
  0.0000000E+00
  0.0000000E+00
  0.0000000E+00
   7.467208    
  0.0000000E+00
  0.0000000E+00
  0.5155079    
  0.5638101    
  0.6240832    
  0.5021597    
  0.0000000E+00
  0.0000000E+00
  0.0000000E+00
  0.0000000E+00
  0.0000000E+00
  0.0000000E+00
   1.106712    
  0.0000000E+00
   2.030706    
   1.272219    
   2.181935    
   1.076875    
  0.0000000E+00
   12.06598    
  0.0000000E+00
  0.0000000E+00
  0.0000000E+00
  0.0000000E+00
  0.0000000E+00
  0.0000000E+00
  0.0000000E+00
  0.0000000E+00
  0.7603194    
  0.0000000E+00
  0.0000000E+00
   4.718486    
   2.778345    
  0.5431541    
   4.890897    
   11.33551    
  0.0000000E+00
  0.0000000E+00
   1.130655    
  0.0000000E+00
  0.0000000E+00
   2.813031    
   3.607541    
  0.0000000E+00
  0.8613327    
   5.211556    
   1.978109    
  0.0000000E+00
  0.0000000E+00
   1.271114    
   3.584079    
  0.5861179    
  0.0000000E+00
  0.0000000E+00
  0.0000000E+00
   5.636317    
  0.0000000E+00
  0.0000000E+00
  0.0000000E+00
  0.0000000E+00
   1.558129    
   3.072603    
  0.0000000E+00
   3.128873    
  0.0000000E+00
   1.098474    
   2.832027    
  0.0000000E+00
  0.0000000E+00
  0.7134603    
  0.0000000E+00
  0.0000000E+00
  0.6312256    
  0.0000000E+00
   1.079028    
  0.3861635    
  0.0000000E+00
   1.351990    
  0.0000000E+00
  0.0000000E+00
   6.926450    
   1.460248    
   2.335699    
  0.8370250    
   1.293567    
  0.0000000E+00
  0.5847525    
  0.0000000E+00
  0.0000000E+00
  0.8755925    
  0.0000000E+00
  0.0000000E+00
   1.036728    
  0.0000000E+00
  0.0000000E+00
  0.0000000E+00
  0.0000000E+00
  0.0000000E+00
  0.0000000E+00
   3.281900    
  0.0000000E+00
  0.0000000E+00
  0.0000000E+00
  0.0000000E+00
  0.0000000E+00
  0.0000000E+00
  0.0000000E+00
   1.138745    
  0.7348802    
  0.0000000E+00
  0.0000000E+00
  0.0000000E+00
  0.0000000E+00
  0.0000000E+00
  0.0000000E+00
  0.0000000E+00
   3.316827    
  0.0000000E+00
  0.0000000E+00
  0.0000000E+00
  0.0000000E+00
   1.462299    
  0.0000000E+00
  0.0000000E+00
  0.6932057    
   1.067891    
  0.0000000E+00
  0.0000000E+00
   5.466453    
  0.0000000E+00
  0.0000000E+00
  0.0000000E+00
   6.278481    
  0.0000000E+00
  0.0000000E+00
  0.0000000E+00
  0.0000000E+00
  0.0000000E+00
   1.831477    
  0.0000000E+00
   1.159326    
   6.069883    
  0.0000000E+00
  0.0000000E+00
  0.0000000E+00
   1.705205    
  0.0000000E+00
  0.0000000E+00
  0.0000000E+00
   2.324437    
   4.038458    
  0.0000000E+00
  0.0000000E+00
  0.0000000E+00
   1.258812    
  0.0000000E+00
  0.0000000E+00
  0.0000000E+00
  0.0000000E+00
   2.754946    
  0.0000000E+00
  0.0000000E+00
  0.0000000E+00
   1.938487    
  0.0000000E+00
  0.0000000E+00
  0.0000000E+00
  0.0000000E+00
  0.0000000E+00
  0.0000000E+00
  0.0000000E+00
   12.85027    
  0.0000000E+00
   1.063886    
  0.0000000E+00
  0.0000000E+00
  0.0000000E+00
   3.917406    
  0.0000000E+00
  0.6974859    
  0.0000000E+00
   4.576838    
  0.0000000E+00
  0.0000000E+00
  0.0000000E+00
   2.052881    
   6.460360    
  0.0000000E+00
   5.523359    
  0.0000000E+00
  0.0000000E+00
   1.117130    
  0.0000000E+00
   1.744580    
  0.0000000E+00
  0.3036247    
   1.507953    
  0.0000000E+00
   1.979503    
   1.111311    
   1.031247    
   2.585919    
  0.0000000E+00
  0.0000000E+00
  0.0000000E+00
   1.578665    
   1.961573    
   1.739708    
   1.332075    
   3.321560    
   2.641082    
  0.0000000E+00
   1.576894    
   2.415604    
  0.0000000E+00
  0.0000000E+00
  0.0000000E+00
  0.4325426    
  0.0000000E+00
   1.595070    
   3.109116    
  0.0000000E+00
  0.0000000E+00
  0.0000000E+00
  0.0000000E+00
  0.0000000E+00
  0.0000000E+00
  0.0000000E+00
  0.0000000E+00
  0.0000000E+00
  0.0000000E+00
  0.0000000E+00
  0.0000000E+00
  0.0000000E+00
   3.269141    
  0.0000000E+00
   1.152279    
  0.0000000E+00
  0.0000000E+00
  0.0000000E+00
   2.287845    
  0.0000000E+00
  0.0000000E+00
   1.826735    
  0.0000000E+00
   2.724403    
  0.0000000E+00
  0.0000000E+00
  0.0000000E+00
  0.0000000E+00
  0.0000000E+00
   3.469506    
  0.0000000E+00
  0.5755196    
  0.0000000E+00
  0.6272009    
  0.0000000E+00
  0.0000000E+00
  0.0000000E+00
  0.0000000E+00
  0.0000000E+00
  0.0000000E+00
  0.0000000E+00
  0.0000000E+00
   2.572943    
  0.0000000E+00
  0.8377265    
  0.7633118    
  0.0000000E+00
  0.8746278    
   1.841050    
   1.440439    
  0.0000000E+00
  0.0000000E+00
  0.0000000E+00
  0.0000000E+00
  0.0000000E+00
  0.0000000E+00
   1.083287    
  0.0000000E+00
   20.09379    
  0.0000000E+00
   17.99059    
   2.108717    
  0.0000000E+00
  0.0000000E+00
  0.0000000E+00
  0.0000000E+00
   4.459450    
  9.4075628E-02
  0.0000000E+00
  0.0000000E+00
  0.0000000E+00
  0.0000000E+00
  0.0000000E+00
  0.0000000E+00
  0.0000000E+00
  0.0000000E+00
  0.6595316    
  0.0000000E+00
   2.423190    
   4.895152    
  0.0000000E+00
   4.413982    
  0.0000000E+00
   1.349430    
  0.0000000E+00
  0.0000000E+00
  0.0000000E+00
  0.0000000E+00
   2.172002    
  0.0000000E+00
  0.4778494    
  0.0000000E+00
  0.0000000E+00
  0.8971078    
  0.0000000E+00
  0.0000000E+00
   3.911525    
  0.0000000E+00
   1.170007    
   3.652805    
  0.0000000E+00
  0.0000000E+00
   1.017416    
  0.0000000E+00
  0.0000000E+00
   1.557186    
  0.7532330    
   1.173913    
  0.2003683    
   1.645674    
   1.540466    
  0.0000000E+00
  0.0000000E+00
  0.0000000E+00
  0.0000000E+00
   2.574139    
  0.0000000E+00
  0.0000000E+00
  0.0000000E+00
  0.7089744    
  0.0000000E+00
   2.214051    
  0.0000000E+00
  0.0000000E+00
  0.0000000E+00
  0.0000000E+00
   2.672105    
  0.0000000E+00
   4.120465    
  0.0000000E+00
   1.480972    
  0.2833610    
  0.6466050    
   2.161112    
  0.0000000E+00
  0.4249606    
   2.341813    
  0.0000000E+00
  0.0000000E+00
  0.0000000E+00
  0.0000000E+00
   6.112927    
  0.0000000E+00
   3.669879    
  0.0000000E+00
  0.0000000E+00
  0.0000000E+00
  0.0000000E+00
  0.8902356    
  0.4608439    
  0.0000000E+00
  0.0000000E+00
  0.0000000E+00
  0.0000000E+00
  0.0000000E+00
   3.846669    
  0.0000000E+00
   10.47738    
  0.0000000E+00
   1.742942    
  0.0000000E+00
  0.0000000E+00
  0.0000000E+00
  0.0000000E+00
   4.637270    
   5.927332    
  0.0000000E+00
  0.0000000E+00
  0.4885691    
  0.0000000E+00
  0.0000000E+00
  0.0000000E+00
  0.0000000E+00
   1.599089    
  0.0000000E+00
  0.0000000E+00
  0.0000000E+00
  0.0000000E+00
  0.0000000E+00
  0.0000000E+00
  0.0000000E+00
   8.842101    
  0.0000000E+00
  0.0000000E+00
  0.0000000E+00
  0.0000000E+00
   5.731193    
   16.07384    
   1.144978    
  0.0000000E+00
  0.0000000E+00
  0.0000000E+00
  0.0000000E+00
  0.0000000E+00
   1.058030    
   5.153986    
  0.8156105    
   4.544653    
  0.0000000E+00
   2.647340    
   6.651370    
   2.058087    
   1.707071    
  0.0000000E+00
   1.520561    
   1.629161    
  0.0000000E+00
  0.0000000E+00
   3.471586    
   2.584180    
  0.9911182    
  0.6540409    
  0.0000000E+00
  0.0000000E+00
   3.032629    
   17.17637    
  0.0000000E+00
  0.0000000E+00
  0.0000000E+00
   1.874549    
  0.0000000E+00
   1.866326    
   4.550122    
  0.0000000E+00
  0.6867489    
  0.0000000E+00
  0.0000000E+00
  0.0000000E+00
  0.0000000E+00
  0.0000000E+00
  0.0000000E+00
   1.834870    
  0.2744274    
   2.786308    
  0.0000000E+00
  0.0000000E+00
  0.0000000E+00
  0.0000000E+00
  0.0000000E+00
  0.0000000E+00
  0.0000000E+00
  0.0000000E+00
  0.0000000E+00
  0.0000000E+00
  0.0000000E+00
  0.0000000E+00
  0.0000000E+00
   4.043428    
  0.0000000E+00
  0.0000000E+00
  0.0000000E+00
  0.0000000E+00
  0.0000000E+00
  0.0000000E+00
  0.0000000E+00
   2.992710    
   1.180886    
  0.0000000E+00
  0.0000000E+00
  0.6091293    
  0.0000000E+00
  0.0000000E+00
  0.0000000E+00
  0.0000000E+00
  0.0000000E+00
  0.0000000E+00
  0.0000000E+00
  0.0000000E+00
   3.340711    
   2.636378    
  0.0000000E+00
  0.3900460    
   1.294458    
  0.0000000E+00
  0.0000000E+00
  0.0000000E+00
  0.0000000E+00
  0.0000000E+00
  0.0000000E+00
  0.0000000E+00
  0.0000000E+00
  0.0000000E+00
  0.0000000E+00
  0.0000000E+00
  0.0000000E+00
  0.0000000E+00
  0.3794176    
  0.0000000E+00
   1.672767    
  0.0000000E+00
   2.142024    
   2.219463    
  0.0000000E+00
  0.0000000E+00
   2.285789    
  0.0000000E+00
  0.0000000E+00
   4.539276    
  0.0000000E+00
  0.0000000E+00
   4.599687    
  0.0000000E+00
  0.0000000E+00
  0.0000000E+00
  0.0000000E+00
  0.0000000E+00
  0.0000000E+00
  0.0000000E+00
  0.0000000E+00
   3.779705    
  0.9897600    
   1.028832    
  0.0000000E+00
   4.138550    
  0.0000000E+00
   1.830723    
  0.0000000E+00
   1.613753    
  0.3933537    
   5.318136    
  0.4935615    
  0.0000000E+00
  0.0000000E+00
   1.308491    
   1.966815    
  0.0000000E+00
   1.122928    
  0.0000000E+00
  0.0000000E+00
  0.0000000E+00
   11.60368    
  0.8254656    
   1.060157    
  0.0000000E+00
  0.0000000E+00
   5.702740    
   3.387372    
  0.5388667    
  0.0000000E+00
   1.928785    
   2.122207    
  0.0000000E+00
   1.259336    
  0.0000000E+00
  0.0000000E+00
  0.0000000E+00
  0.9482288    
   1.641021    
  0.0000000E+00
   1.081234    
  0.0000000E+00
  0.0000000E+00
  0.0000000E+00
  0.0000000E+00
  0.7354880    
  0.0000000E+00
   1.109501    
  0.0000000E+00
  0.0000000E+00
  0.0000000E+00
  0.0000000E+00
   1.474805    
  0.0000000E+00
  0.0000000E+00
  0.0000000E+00
   1.780977    
   2.328256    
   4.742062    
   1.365656    
   2.765281    
   4.983652    
  0.0000000E+00
  0.0000000E+00
  0.0000000E+00
  0.0000000E+00
   1.369696    
   2.049024    
  0.0000000E+00
   3.008537    
  0.0000000E+00
   6.088351    
   2.129717    
  0.0000000E+00
   3.865370    
  0.0000000E+00
  0.0000000E+00
  0.0000000E+00
   3.857621    
   4.587458    
  0.8341466    
  0.0000000E+00
   3.495667    
   2.878256    
  0.0000000E+00
  0.0000000E+00
  0.0000000E+00
  0.0000000E+00
  0.0000000E+00
  0.0000000E+00
  0.0000000E+00
  0.0000000E+00
  0.4429581    
   6.438149    
   3.010069    
  0.0000000E+00
  0.0000000E+00
  0.0000000E+00
   2.545788    
   6.015982    
  0.0000000E+00
  0.0000000E+00
   2.667614    
  0.0000000E+00
  0.0000000E+00
  0.0000000E+00
  0.0000000E+00
  0.0000000E+00
  0.0000000E+00
  0.0000000E+00
  0.0000000E+00
  0.3096931    
   3.088292    
   3.205648    
  0.9804772    
  0.0000000E+00
   1.387477    
  0.0000000E+00
   1.473626    
  0.0000000E+00
  0.0000000E+00
  0.5270954    
  0.0000000E+00
  0.0000000E+00
  0.8901092    
   1.129708    
  0.0000000E+00
   1.496393    
  0.9815260    
  0.0000000E+00
  0.0000000E+00
  0.0000000E+00
   3.462404    
   1.016698    
  0.0000000E+00
  0.0000000E+00
  0.0000000E+00
  0.0000000E+00
  0.0000000E+00
  0.0000000E+00
  0.0000000E+00
  0.0000000E+00
  0.0000000E+00
  0.0000000E+00
  0.0000000E+00
  0.1514965    
  0.0000000E+00
  0.0000000E+00
  0.0000000E+00
  0.0000000E+00
   4.217418    
  0.0000000E+00
  0.0000000E+00
  0.0000000E+00
   1.481787    
  0.0000000E+00
  0.0000000E+00
  0.0000000E+00
  0.7526981    
  0.0000000E+00
  0.0000000E+00
   1.758787    
  0.9313611    
  0.7293764    
   1.401088    
  0.0000000E+00
  0.0000000E+00
  0.0000000E+00
   13.19272    
   2.179919    
  0.0000000E+00
   1.492730    
  0.0000000E+00
  0.0000000E+00
  0.0000000E+00
   1.826113    
  0.0000000E+00
  0.0000000E+00
  0.0000000E+00
  0.0000000E+00
  0.0000000E+00
  0.0000000E+00
   10.69572    
   2.394607    
  0.0000000E+00
  0.5239134    
  0.0000000E+00
  0.0000000E+00
  0.0000000E+00
  0.0000000E+00
  0.0000000E+00
   1.051260    
   1.285623    
  0.0000000E+00
   10.76958    
   4.502149    
  0.6040162    
   1.325507    
  0.0000000E+00
   2.759843    
  0.0000000E+00
   1.587134    
   1.630679    
   1.671699    
  0.0000000E+00
  0.0000000E+00
  0.7340965    
  0.0000000E+00
   2.438224    
  0.0000000E+00
  0.0000000E+00
  0.0000000E+00
   2.714742    
  0.0000000E+00
  0.8672528    
   2.777918    
   1.322855    
  0.0000000E+00
  0.0000000E+00
  0.0000000E+00
  0.0000000E+00
  0.0000000E+00
   4.014511    
  0.5948695    
  0.0000000E+00
   1.585237    
  0.7234209    
  0.0000000E+00
   1.924602    
  0.5577425    
   1.618943    
   2.407594    
   2.937084    
  0.0000000E+00
  0.0000000E+00
   1.812838    
   3.152725    
  0.0000000E+00
  0.0000000E+00
  0.0000000E+00
  0.0000000E+00
  0.0000000E+00
  0.0000000E+00
  0.0000000E+00
  0.0000000E+00
  0.0000000E+00
  0.0000000E+00
  0.0000000E+00
  0.0000000E+00
  0.0000000E+00
  0.0000000E+00
  0.0000000E+00
  0.0000000E+00
  0.0000000E+00
  0.0000000E+00
  0.0000000E+00
   6.564965    
  0.6770591    
  0.2956342    
   4.451373    
  0.0000000E+00
  0.0000000E+00
  0.0000000E+00
  0.0000000E+00
  0.0000000E+00
  0.0000000E+00
   1.852504    
  0.0000000E+00
  0.0000000E+00
   3.673876    
  0.0000000E+00
  0.0000000E+00
   1.021079    
  0.0000000E+00
   1.981157    
  0.0000000E+00
  0.0000000E+00
  0.0000000E+00
  0.0000000E+00
   1.385334    
  0.0000000E+00
  0.0000000E+00
   2.679703    
  0.0000000E+00
   1.493144    
   2.388535    
   2.154263    
   8.433850    
  0.0000000E+00
  0.0000000E+00
  0.0000000E+00
   1.202564    
  0.0000000E+00
  0.0000000E+00
   3.599085    
   2.606254    
  0.7354047    
  0.0000000E+00
  0.7733196    
  0.1553488    
   4.944597    
   8.615131    
  0.0000000E+00
  0.0000000E+00
  0.0000000E+00
   1.918208    
  0.0000000E+00
  0.0000000E+00
   1.415468    
  0.0000000E+00
  0.0000000E+00
  0.0000000E+00
  0.0000000E+00
  0.0000000E+00
  0.0000000E+00
   1.410239    
  0.0000000E+00
  0.0000000E+00
   4.393203    
  0.0000000E+00
  0.0000000E+00
  0.0000000E+00
  0.6930694    
  0.0000000E+00
  0.0000000E+00
  0.0000000E+00
   1.582152    
   2.417382    
  0.0000000E+00
  0.0000000E+00
   1.339806    
  0.0000000E+00
  0.0000000E+00
  0.9229794    
   3.148160    
  0.5617402    
  0.0000000E+00
  0.0000000E+00
  0.0000000E+00
  0.0000000E+00
  0.0000000E+00
  0.0000000E+00
  0.0000000E+00
   1.260358    
   16.39557    
  0.0000000E+00
  0.0000000E+00
   1.395509    
  0.0000000E+00
  0.0000000E+00
   7.073392    
  0.4270119    
  0.0000000E+00
  0.0000000E+00
  0.1943025    
  0.0000000E+00
  0.0000000E+00
   1.461177    
  0.0000000E+00
  0.0000000E+00
  0.0000000E+00
   1.175554    
  0.0000000E+00
  0.0000000E+00
  0.0000000E+00
   1.606883    
  0.0000000E+00
  0.0000000E+00
  0.0000000E+00
  0.7064936    
  0.4223603    
  0.0000000E+00
  0.7048272    
  0.0000000E+00
  0.0000000E+00
   1.306989    
   1.136154    
   1.072346    
  0.0000000E+00
   5.836862    
   1.338703    
  0.8563138    
  0.0000000E+00
  0.0000000E+00
   1.659817    
   1.518863    
   1.068794    
  0.0000000E+00
  0.0000000E+00
  0.0000000E+00
  0.0000000E+00
  0.0000000E+00
   3.111428    
  0.0000000E+00
  0.0000000E+00
  0.0000000E+00
  0.0000000E+00
  0.9295010    
  0.0000000E+00
  0.0000000E+00
   1.372047    
  0.0000000E+00
  0.5961302    
  0.0000000E+00
  0.0000000E+00
  0.0000000E+00
  0.0000000E+00
  0.0000000E+00
   9.169121    
  0.0000000E+00
  0.0000000E+00
  0.0000000E+00
  0.0000000E+00
  0.0000000E+00
  0.6763841    
  0.3990493    
  0.0000000E+00
  0.0000000E+00
  0.0000000E+00
  0.0000000E+00
   2.713753    
  0.0000000E+00
  0.0000000E+00
  0.0000000E+00
  0.0000000E+00
  0.0000000E+00
   1.217361    
  0.0000000E+00
   1.238771    
  0.0000000E+00
  0.3066152    
  0.0000000E+00
   2.927764    
  0.0000000E+00
   1.333194    
  0.7081818    
   3.610523    
  0.0000000E+00
  0.0000000E+00
  0.0000000E+00
  0.0000000E+00
  0.0000000E+00
  0.0000000E+00
  0.0000000E+00
  0.0000000E+00
  0.0000000E+00
  0.7559293    
  0.6283736    
   5.043861    
  0.0000000E+00
   1.973556    
   3.231320    
  0.0000000E+00
  0.0000000E+00
  0.0000000E+00
   3.177805    
  0.0000000E+00
  0.0000000E+00
   2.046710    
  0.0000000E+00
  0.0000000E+00
   1.458377    
  0.0000000E+00
  0.0000000E+00
   2.169311    
  0.0000000E+00
  0.0000000E+00
  0.0000000E+00
  0.0000000E+00
  0.0000000E+00
  0.0000000E+00
   1.022986    
   2.244158    
  0.0000000E+00
  0.0000000E+00
   2.893925    
  0.0000000E+00
  0.0000000E+00
   1.117859    
  0.0000000E+00
   2.761544    
  0.0000000E+00
  0.7241948    
  0.0000000E+00
  0.0000000E+00
  0.4690216    
   1.765862    
  0.0000000E+00
  0.0000000E+00
  0.0000000E+00
  0.0000000E+00
  0.0000000E+00
  0.0000000E+00
  0.0000000E+00
  0.0000000E+00
  0.0000000E+00
  0.0000000E+00
  0.0000000E+00
   3.133677    
  0.0000000E+00
  0.0000000E+00
  0.0000000E+00
  0.0000000E+00
  0.0000000E+00
  0.8372331    
   1.546374    
  0.0000000E+00
  0.0000000E+00
  0.0000000E+00
   1.194328    
  0.0000000E+00
  0.8347235    
  0.0000000E+00
  0.0000000E+00
  0.0000000E+00
  0.0000000E+00
  0.0000000E+00
  0.0000000E+00
  0.6232198    
  0.0000000E+00
  0.0000000E+00
  0.0000000E+00
   1.490633    
  0.0000000E+00
  0.5614654    
  0.7002468    
   4.078836    
  0.0000000E+00
  0.4755766    
  0.0000000E+00
   1.805243    
   4.863382    
   1.613657    
   1.818453    
  0.0000000E+00
  0.6724121    
   2.605675    
  0.0000000E+00
   2.998881    
  0.0000000E+00
  0.0000000E+00
  0.0000000E+00
   5.057158    
   2.679929    
  0.5996257    
  0.0000000E+00
  0.0000000E+00
  0.0000000E+00
  0.7689745    
  0.0000000E+00
   2.718803    
  0.0000000E+00
  0.0000000E+00
  0.0000000E+00
  0.0000000E+00
   2.929940    
  0.1529728    
  0.0000000E+00
  0.6837370    
   4.080035    
  0.0000000E+00
   1.500657    
  0.0000000E+00
  0.0000000E+00
  0.0000000E+00
  0.0000000E+00
  0.0000000E+00
  0.0000000E+00
  0.0000000E+00
   1.592362    
  0.0000000E+00
  0.0000000E+00
  0.0000000E+00
  0.0000000E+00
  0.0000000E+00
  0.0000000E+00
   2.366121    
   1.978416    
   5.128064    
  0.0000000E+00
   2.700953    
  0.0000000E+00
   1.524865    
  0.0000000E+00
  0.9917286    
  0.0000000E+00
   2.032634    
  0.0000000E+00
  0.0000000E+00
   4.107466    
  0.0000000E+00
  0.0000000E+00
  0.0000000E+00
  0.0000000E+00
  0.0000000E+00
  0.0000000E+00
   1.682599    
  0.0000000E+00
  0.0000000E+00
   1.483920    
  0.0000000E+00
  0.2958635    
  0.0000000E+00
  0.0000000E+00
  0.0000000E+00
   1.936217    
  0.0000000E+00
  0.0000000E+00
  0.0000000E+00
  0.0000000E+00
  0.3329836    
  0.0000000E+00
   6.854712    
   2.887867    
  0.0000000E+00
  0.0000000E+00
  0.0000000E+00
  0.0000000E+00
  0.5079105    
   2.491572    
  0.0000000E+00
  0.0000000E+00
  0.0000000E+00
  0.4679251    
  0.0000000E+00
  0.0000000E+00
  0.0000000E+00
   2.408836    
  0.4004382    
  0.0000000E+00
  0.0000000E+00
  0.0000000E+00
   1.258643    
  0.0000000E+00
  0.0000000E+00
  0.0000000E+00
  0.0000000E+00
   1.674254    
  0.0000000E+00
  0.0000000E+00
  0.0000000E+00
  0.0000000E+00
  0.0000000E+00
  0.6072308    
  0.0000000E+00
  0.7580529    
  0.0000000E+00
  0.0000000E+00
  0.0000000E+00
  0.6052020    
   3.641025    
  0.0000000E+00
  0.0000000E+00
  0.7367504    
  0.0000000E+00
  0.0000000E+00
  0.0000000E+00
  0.0000000E+00
  0.0000000E+00
   1.523608    
  0.0000000E+00
   1.420369    
  0.0000000E+00
   1.107906    
  0.0000000E+00
  0.0000000E+00
   2.090296    
  0.0000000E+00
  0.0000000E+00
  0.0000000E+00
  0.0000000E+00
  0.0000000E+00
   1.210887    
   4.798862    
  0.0000000E+00
  0.0000000E+00
  0.3504589    
  0.0000000E+00
  0.0000000E+00
   5.910409    
  0.0000000E+00
  0.0000000E+00
   1.336931    
  0.0000000E+00
   2.298928    
  0.0000000E+00
   1.901062    
  0.0000000E+00
   3.696903    
  0.0000000E+00
  0.0000000E+00
  0.0000000E+00
  0.0000000E+00
  0.0000000E+00
  0.0000000E+00
  0.0000000E+00
  0.0000000E+00
   1.875348    
  0.0000000E+00
  0.0000000E+00
  0.0000000E+00
  0.0000000E+00
  0.0000000E+00
  0.0000000E+00
  0.0000000E+00
  0.0000000E+00
  0.9276249    
  0.0000000E+00
   2.600562    
   1.590296    
   3.634409    
   12.61156    
  0.0000000E+00
  0.0000000E+00
  0.0000000E+00
   1.041550    
  0.0000000E+00
  0.0000000E+00
   3.363412    
  0.0000000E+00
   1.720661    
   3.279525    
  0.6897883    
  0.0000000E+00
  0.0000000E+00
  0.0000000E+00
  0.0000000E+00
   2.055681    
  0.8041216    
  0.0000000E+00
   1.358683    
   5.290980    
  0.0000000E+00
  0.0000000E+00
   1.685565    
  0.0000000E+00
  0.0000000E+00
  0.0000000E+00
  0.0000000E+00
  0.0000000E+00
  0.6589849    
  0.0000000E+00
   3.465514    
   1.364152    
  0.1407395    
   2.228869    
  0.0000000E+00
   24.48742    
   1.299539    
   3.922471    
  0.0000000E+00
  0.0000000E+00
  0.0000000E+00
  0.0000000E+00
  0.0000000E+00
   5.519432    
  0.0000000E+00
   1.608781    
  0.0000000E+00
  0.0000000E+00
  0.0000000E+00
   2.912639    
  0.0000000E+00
   2.141818    
   1.016596    
  0.0000000E+00
   7.084854    
   1.279558    
  0.0000000E+00
   5.052502    
   2.193466    
  0.0000000E+00
   2.742875    
  0.0000000E+00
  0.0000000E+00
  0.0000000E+00
  0.0000000E+00
  0.6440756    
   1.519857    
  0.3553655    
  0.0000000E+00
  0.0000000E+00
  0.4546963    
  0.0000000E+00
  0.0000000E+00
  0.6995178    
   1.262915    
  0.0000000E+00
  0.0000000E+00
  0.0000000E+00
   2.081732    
  0.6398830    
  0.0000000E+00
  0.0000000E+00
   3.224762    
  0.0000000E+00
   8.295990    
  0.0000000E+00
  0.3519556    
  0.0000000E+00
  0.0000000E+00
  0.0000000E+00
  0.0000000E+00
  0.6303718    
  0.0000000E+00
  0.0000000E+00
  0.0000000E+00
   2.253711    
  0.0000000E+00
  0.0000000E+00
  0.0000000E+00
  0.0000000E+00
   1.238049    
  0.0000000E+00
  0.0000000E+00
   6.981726    
  0.0000000E+00
   2.298100    
  0.0000000E+00
   2.809633    
  0.0000000E+00
  0.0000000E+00
   5.952078    
   6.448352    
  0.0000000E+00
   4.303660    
  0.0000000E+00
  0.0000000E+00
  0.0000000E+00
  0.0000000E+00
   4.558731    
  0.0000000E+00
   3.625708    
  0.1537952    
  0.0000000E+00
   1.026104    
  0.0000000E+00
  0.0000000E+00
   4.967036    
  0.2984996    
  0.0000000E+00
  0.0000000E+00
   1.982879    
  0.0000000E+00
  0.0000000E+00
  0.3710109    
   2.760390    
  0.0000000E+00
   1.312970    
  0.6577247    
  0.0000000E+00
  0.0000000E+00
  0.6309327    
  0.0000000E+00
   1.667428    
  0.0000000E+00
  0.0000000E+00
  0.0000000E+00
  0.0000000E+00
  0.0000000E+00
  0.0000000E+00
  0.0000000E+00
  0.8289554    
   4.598760    
  0.0000000E+00
   1.028569    
  0.0000000E+00
   2.208330    
  0.0000000E+00
  0.0000000E+00
   2.547123    
   1.745486    
  0.0000000E+00
  0.0000000E+00
  0.0000000E+00
   1.826132    
  0.0000000E+00
  0.0000000E+00
   1.014169    
  0.0000000E+00
  0.0000000E+00
   1.036550    
  0.0000000E+00
  0.0000000E+00
  0.0000000E+00
   3.671867    
  0.0000000E+00
  0.0000000E+00
  0.9281188    
  0.0000000E+00
  0.0000000E+00
  0.6010762    
  0.0000000E+00
  0.0000000E+00
   1.616297    
   1.865364    
  0.0000000E+00
  0.0000000E+00
  0.0000000E+00
   2.813561    
  0.0000000E+00
  0.0000000E+00
  0.0000000E+00
  0.0000000E+00
  0.0000000E+00
  0.0000000E+00
  0.0000000E+00
  0.0000000E+00
  0.0000000E+00
  0.0000000E+00
   6.445749    
  0.0000000E+00
   8.571395    
   4.076872    
  0.0000000E+00
  0.7263513    
  0.0000000E+00
  0.0000000E+00
  0.6933988    
  0.1625577    
  0.0000000E+00
   5.034204    
  0.0000000E+00
  0.0000000E+00
   3.402557    
  0.0000000E+00
  0.0000000E+00
  0.0000000E+00
  0.0000000E+00
  0.0000000E+00
   2.125627    
  0.0000000E+00
  0.0000000E+00
  0.0000000E+00
  0.0000000E+00
  0.0000000E+00
  0.0000000E+00
  0.0000000E+00
  0.0000000E+00
  0.0000000E+00
  0.0000000E+00
  9.3225665E-02
  0.0000000E+00
   3.754024    
  0.0000000E+00
  0.0000000E+00
   2.385464    
  0.0000000E+00
  0.0000000E+00
   2.328380    
  0.0000000E+00
  0.0000000E+00
  0.0000000E+00
   2.256328    
  0.0000000E+00
  0.0000000E+00
  0.0000000E+00
  0.2652046    
  0.0000000E+00
   4.052306    
  0.0000000E+00
  0.0000000E+00
  0.0000000E+00
  0.0000000E+00
  0.0000000E+00
   2.631953    
  0.0000000E+00
  0.0000000E+00
  0.0000000E+00
   1.694238    
  0.0000000E+00
  0.0000000E+00
   2.674472    
  0.0000000E+00
  0.0000000E+00
   2.286009    
  0.0000000E+00
  0.0000000E+00
   1.477543    
  0.4544275    
   3.671393    
  0.0000000E+00
  0.0000000E+00
  0.0000000E+00
  0.0000000E+00
  0.0000000E+00
   3.163699    
  0.0000000E+00
   1.165462    
  0.0000000E+00
  0.0000000E+00
  0.0000000E+00
  0.6389554    
  0.9295096    
  0.0000000E+00
  0.0000000E+00
  0.0000000E+00
  0.0000000E+00
  0.0000000E+00
  0.0000000E+00
   9.854961    
  0.0000000E+00
   1.059147    
  0.0000000E+00
  0.2794812    
  0.0000000E+00
  0.0000000E+00
   16.22623    
   13.55430    
  0.0000000E+00
  0.0000000E+00
  0.0000000E+00
   3.095675    
  0.0000000E+00
  0.0000000E+00
   4.009508    
  0.0000000E+00
  0.4315965    
  0.0000000E+00
  0.0000000E+00
   1.030680    
  0.0000000E+00
   1.487175    
   1.296877    
  0.0000000E+00
   3.837747    
   4.266295    
   1.186051    
  0.0000000E+00
  0.0000000E+00
  0.1245151    
  0.0000000E+00
   2.382231    
   1.563587    
  0.0000000E+00
   2.667057    
  0.0000000E+00
  0.0000000E+00
  0.0000000E+00
   3.376005    
  0.0000000E+00
  0.0000000E+00
   3.401672    
  0.0000000E+00
  0.0000000E+00
  0.0000000E+00
  0.0000000E+00
  0.0000000E+00
  0.0000000E+00
  0.0000000E+00
  0.0000000E+00
   1.102453    
  0.0000000E+00
  0.0000000E+00
  0.0000000E+00
  0.0000000E+00
  0.0000000E+00
  0.7493351    
  0.0000000E+00
   1.644522    
   4.724478    
   1.028156    
  0.0000000E+00
  0.0000000E+00
  0.0000000E+00
  0.0000000E+00
   1.245384    
  0.6216473    
  0.0000000E+00
  0.0000000E+00
  0.0000000E+00
  0.0000000E+00
  0.0000000E+00
   1.832876    
  0.0000000E+00
  0.0000000E+00
  0.0000000E+00
  0.0000000E+00
  0.2072871    
  0.0000000E+00
  0.0000000E+00
  0.0000000E+00
  0.0000000E+00
   1.007486    
  0.0000000E+00
  0.0000000E+00
  0.0000000E+00
  0.2985231    
  0.0000000E+00
  0.0000000E+00
  0.0000000E+00
  0.0000000E+00
  0.0000000E+00
  0.0000000E+00
   4.030301    
   5.930363    
  0.5341272    
  0.0000000E+00
  0.6850716    
  0.0000000E+00
   2.517864    
  0.0000000E+00
  0.0000000E+00
   1.841058    
  0.0000000E+00
  0.0000000E+00
  0.4931849    
   2.141655    
   3.565711    
  0.0000000E+00
  0.0000000E+00
  0.0000000E+00
  0.0000000E+00
   3.116538    
   2.126523    
  0.0000000E+00
  0.9613262    
  0.0000000E+00
   2.542520    
  0.0000000E+00
  0.0000000E+00
  0.0000000E+00
   1.115284    
  0.0000000E+00
  0.0000000E+00
   6.304604    
  0.0000000E+00
  0.0000000E+00
  0.0000000E+00
   1.450411    
  0.0000000E+00
  0.0000000E+00
  0.0000000E+00
   3.618602    
   1.198153    
  0.0000000E+00
  0.0000000E+00
  0.0000000E+00
  0.0000000E+00
  0.0000000E+00
  0.5980937    
  0.9994642    
  0.0000000E+00
  0.0000000E+00
   19.12066    
  0.0000000E+00
  0.0000000E+00
   1.643863    
   1.837629    
  0.0000000E+00
   3.319947    
   2.789318    
  0.0000000E+00
  0.7960960    
   6.270621    
  0.0000000E+00
  0.8252046    
  0.0000000E+00
  0.9410389    
  0.0000000E+00
  0.0000000E+00
  0.0000000E+00
  0.0000000E+00
  0.0000000E+00
   3.356937    
  0.0000000E+00
  0.6704808    
  0.0000000E+00
  0.0000000E+00
   1.185110    
  0.0000000E+00
  0.0000000E+00
  0.0000000E+00
  0.0000000E+00
   2.201283    
  0.0000000E+00
  0.0000000E+00
   1.011029    
  0.0000000E+00
  0.0000000E+00
  0.0000000E+00
  0.0000000E+00
  0.0000000E+00
   1.854488    
  0.0000000E+00
  0.0000000E+00
  0.0000000E+00
  0.0000000E+00
  0.0000000E+00
  0.0000000E+00
  0.0000000E+00
   5.021317    
  0.9552691    
   3.769573    
  0.0000000E+00
  0.0000000E+00
   1.105173    
  0.6287146    
   7.926799    
  0.0000000E+00
  0.0000000E+00
  0.0000000E+00
  0.0000000E+00
  0.0000000E+00
   1.460411    
  0.0000000E+00
   12.21713    
  0.7874770    
  0.0000000E+00
  0.0000000E+00
  0.0000000E+00
  0.0000000E+00
   1.744212    
  0.0000000E+00
  0.8343615    
  0.0000000E+00
  0.3418219    
   1.996743    
  0.0000000E+00
  0.0000000E+00
  0.0000000E+00
   2.092698    
  0.0000000E+00
   4.650551    
   2.514166    
   7.977262    
  0.0000000E+00
  0.3797762    
   8.131310    
   7.958993    
   1.889134    
   12.87524    
  0.4916967    
  0.5256650    
  0.0000000E+00
  0.0000000E+00
  0.0000000E+00
  0.0000000E+00
   2.332592    
  0.0000000E+00
   2.482010    
  0.0000000E+00
  0.0000000E+00
   3.091500    
  0.0000000E+00
  0.9707046    
  0.0000000E+00
  0.0000000E+00
  0.0000000E+00
  0.0000000E+00
  0.0000000E+00
  0.9142110    
  0.0000000E+00
  0.0000000E+00
  0.3423064    
   2.304497    
   3.043553    
  0.0000000E+00
  0.0000000E+00
   8.773705    
   4.659852    
   2.689382    
   2.900031    
  0.0000000E+00
  0.0000000E+00
  0.0000000E+00
   1.058380    
  0.0000000E+00
  0.0000000E+00
   4.954852    
  0.0000000E+00
  0.0000000E+00
  0.9807843    
  0.0000000E+00
  0.0000000E+00
  0.6632726    
  0.0000000E+00
  0.6205915    
   1.460900    
  0.0000000E+00
  0.0000000E+00
  0.0000000E+00
   4.096945    
  0.4576280    
   3.002792    
  0.0000000E+00
  0.6480685    
   1.011278    
  0.0000000E+00
   2.761701    
  0.0000000E+00
   1.177685    
  0.0000000E+00
  0.8827575    
  0.7899013    
   1.557144    
  0.0000000E+00
  0.0000000E+00
   3.028011    
  0.7307459    
  0.0000000E+00
  0.0000000E+00
  0.0000000E+00
  0.0000000E+00
   10.35889    
  0.0000000E+00
  0.6851704    
   1.349066    
  0.0000000E+00
  0.0000000E+00
   1.395609    
  0.0000000E+00
  0.0000000E+00
  0.9467976    
  0.0000000E+00
   2.800390    
   3.065171    
   1.727504    
  0.0000000E+00
  0.0000000E+00
  0.0000000E+00
  0.0000000E+00
  0.7432075    
  0.0000000E+00
   3.920512    
   3.331033    
   2.936909    
  0.9136400    
  0.0000000E+00
   1.945526    
  0.0000000E+00
   2.830687    
  0.0000000E+00
   3.232331    
  0.4055299    
   7.645899    
  0.0000000E+00
  0.0000000E+00
  0.0000000E+00
  0.0000000E+00
  0.0000000E+00
  0.0000000E+00
  0.0000000E+00
  0.0000000E+00
  0.0000000E+00
  0.0000000E+00
  0.0000000E+00
  0.0000000E+00
  0.0000000E+00
  0.0000000E+00
  0.0000000E+00
  0.0000000E+00
   1.762276    
  0.0000000E+00
  0.0000000E+00
  0.0000000E+00
   3.680131    
   3.516049    
  0.0000000E+00
   1.156077    
  0.0000000E+00
  0.0000000E+00
  0.0000000E+00
  0.5298219    
   1.538283    
   2.111094    
  0.0000000E+00
  0.0000000E+00
  0.6131946    
   1.006991    
   2.732049    
  0.0000000E+00
  0.0000000E+00
   1.321414    
  0.0000000E+00
  0.0000000E+00
  0.0000000E+00
  0.0000000E+00
  0.2528397    
   1.960978    
  0.0000000E+00
  0.2871549    
   1.368760    
   4.079010    
  0.0000000E+00
  0.0000000E+00
  0.0000000E+00
   2.066077    
   3.276319    
  0.0000000E+00
  0.0000000E+00
   1.230255    
   1.726873    
  0.0000000E+00
  0.4960489    
  0.0000000E+00
  0.0000000E+00
  0.0000000E+00
   1.134774    
  0.0000000E+00
  0.0000000E+00
  0.0000000E+00
  0.6581360    
   1.723253    
  0.0000000E+00
  0.4682525    
   7.263665    
   1.310093    
  0.0000000E+00
  0.0000000E+00
  0.0000000E+00
  0.0000000E+00
   3.335439    
  0.0000000E+00
   2.805179    
  0.0000000E+00
  0.0000000E+00
   7.266429    
   3.705383    
  0.4457354    
  0.9052290    
  0.0000000E+00
  0.0000000E+00
  0.0000000E+00
  0.0000000E+00
  0.0000000E+00
   8.079930    
  0.0000000E+00
  0.0000000E+00
   1.121460    
  0.0000000E+00
  0.0000000E+00
  0.0000000E+00
  0.0000000E+00
  0.0000000E+00
  0.0000000E+00
   2.849756    
   2.189014    
  0.0000000E+00
   1.129380    
  0.0000000E+00
  0.0000000E+00
  0.0000000E+00
   4.820252    
  0.0000000E+00
  0.0000000E+00
   1.713686    
   5.409031    
  0.5216137    
   1.231449    
  0.0000000E+00
   2.704484    
   1.619154    
  0.0000000E+00
  0.2635242    
  0.0000000E+00
  0.0000000E+00
  0.0000000E+00
  0.0000000E+00
  0.0000000E+00
   1.396272    
   1.000594    
   3.077243    
  0.7000850    
  0.0000000E+00
   3.027418    
   3.579481    
  0.8579827    
  0.0000000E+00
   1.267606    
  0.0000000E+00
  0.0000000E+00
   1.203836    
   3.070799    
   3.898033    
  0.0000000E+00
  0.0000000E+00
  0.4087416    
  0.0000000E+00
  0.0000000E+00
   2.322157    
  0.6315860    
   1.380052    
  0.0000000E+00
   3.387625    
   1.326653    
   2.195482    
   1.878251    
   2.834212    
  0.0000000E+00
  0.0000000E+00
  0.0000000E+00
  0.0000000E+00
  0.0000000E+00
   1.101391    
  0.0000000E+00
  0.0000000E+00
  0.0000000E+00
   1.695396    
   2.176489    
   5.230315    
  0.0000000E+00
  0.4596987    
  0.8374649    
   3.434627    
  0.0000000E+00
   4.633087    
   1.887822    
  0.0000000E+00
  0.0000000E+00
  0.0000000E+00
  0.0000000E+00
   9.823886    
  0.0000000E+00
  0.7910717    
  0.3566856    
   10.33158    
   3.734110    
  0.0000000E+00
   10.22181    
   1.017512    
  0.0000000E+00
   1.300185    
  0.0000000E+00
  0.0000000E+00
  0.0000000E+00
  0.0000000E+00
   2.058750    
   1.739505    
  0.0000000E+00
   1.484336    
  0.7026528    
  0.0000000E+00
   1.900161    
  0.0000000E+00
  0.0000000E+00
   1.056264    
  0.6754006    
   1.125521    
  0.0000000E+00
  0.0000000E+00
  0.0000000E+00
   1.094992    
  0.4662772    
  0.0000000E+00
  0.0000000E+00
   1.336374    
  0.0000000E+00
   3.840777    
  0.0000000E+00
   3.919136    
  0.0000000E+00
  0.8649409    
  0.0000000E+00
   5.782756    
  0.0000000E+00
   4.047800    
   1.874733    
  0.0000000E+00
   3.902924    
   3.453348    
  0.0000000E+00
  0.0000000E+00
  0.8048621    
   8.255548    
   1.328742    
   2.584625    
   1.769937    
  0.0000000E+00
  0.0000000E+00
  0.0000000E+00
   1.531674    
   6.499147    
  0.0000000E+00
   1.007366    
  0.4517747    
  0.0000000E+00
  0.0000000E+00
  0.9064857    
   1.369341    
  0.8247601    
  0.0000000E+00
  0.0000000E+00
  0.0000000E+00
  0.6890653    
   1.787748    
  0.0000000E+00
   2.430475    
  0.0000000E+00
  0.9155359    
  0.0000000E+00
  0.5471460    
  0.0000000E+00
  0.0000000E+00
  0.0000000E+00
  0.6295768    
   1.798390    
   1.797893    
  0.0000000E+00
  0.0000000E+00
   4.452567    
  0.0000000E+00
  0.0000000E+00
  0.0000000E+00
  0.0000000E+00
  0.0000000E+00
  0.0000000E+00
   1.155015    
  0.5924983    
  0.0000000E+00
  0.0000000E+00
   2.086295    
  0.0000000E+00
  0.0000000E+00
   7.625315    
  0.0000000E+00
  0.0000000E+00
  0.0000000E+00
  0.0000000E+00
   1.312163    
  0.0000000E+00
   2.756792    
  0.7946857    
  0.0000000E+00
  0.0000000E+00
  0.0000000E+00
  0.6692038    
  0.0000000E+00
  0.0000000E+00
  0.0000000E+00
  0.9174366    
   2.182071    
   1.277850    
  0.0000000E+00
  0.9360029    
  0.0000000E+00
  0.8148957    
   1.044350    
  0.0000000E+00
   4.380091    
  0.0000000E+00
  0.6888632    
  0.0000000E+00
  0.0000000E+00
  0.0000000E+00
  0.0000000E+00
  0.0000000E+00
   3.729174    
   12.77408    
   1.338933    
   3.070633    
   1.058097    
   3.290636    
  0.0000000E+00
  0.4281468    
  0.0000000E+00
  0.0000000E+00
  0.4286740    
  0.0000000E+00
  0.0000000E+00
  0.0000000E+00
   4.153210    
  0.0000000E+00
  0.0000000E+00
  0.0000000E+00
  0.9520220    
   3.351033    
  0.0000000E+00
  0.5088919    
  0.4850829    
   3.961419    
  0.0000000E+00
  0.0000000E+00
  0.5113251    
   7.009599    
   1.766696    
   3.833138    
  0.0000000E+00
   7.605662    
  0.0000000E+00
   1.691096    
   1.582237    
  0.0000000E+00
  0.6616120    
  0.0000000E+00
  0.0000000E+00
   1.380634    
  0.0000000E+00
   1.555175    
  0.0000000E+00
  0.0000000E+00
  0.5025278    
  0.0000000E+00
  0.0000000E+00
   1.894498    
  0.0000000E+00
  0.0000000E+00
   6.104082    
   1.497659    
  0.3298787    
  0.0000000E+00
  0.0000000E+00
  0.8320440    
  0.0000000E+00
  0.0000000E+00
  0.0000000E+00
   1.056618    
   1.235814    
   1.916170    
  0.0000000E+00
   6.273371    
  0.7976612    
  0.9359349    
  0.0000000E+00
  0.0000000E+00
   2.565359    
  0.0000000E+00
  0.0000000E+00
  0.0000000E+00
  0.6467053    
  0.0000000E+00
   1.993738    
  0.0000000E+00
  0.0000000E+00
  0.0000000E+00
  0.0000000E+00
   2.390574    
  0.0000000E+00
   6.935764    
   1.218510    
  0.0000000E+00
  0.0000000E+00
  0.0000000E+00
  0.6563601    
  0.0000000E+00
  0.0000000E+00
  0.0000000E+00
  0.0000000E+00
  0.0000000E+00
  0.0000000E+00
  0.6715291    
  0.0000000E+00
   3.709869    
  0.0000000E+00
   1.343133    
  0.0000000E+00
   1.350316    
  0.0000000E+00
  0.0000000E+00
  0.0000000E+00
  0.0000000E+00
  0.0000000E+00
  0.0000000E+00
  0.0000000E+00
  0.0000000E+00
  0.0000000E+00
  0.0000000E+00
  0.0000000E+00
  0.0000000E+00
   1.706142    
  0.0000000E+00
   8.388019    
  0.0000000E+00
  0.0000000E+00
  0.0000000E+00
  0.0000000E+00
   2.297755    
  0.9584786    
  0.9857811    
  0.0000000E+00
  0.0000000E+00
  0.0000000E+00
   1.466057    
   1.423699    
  0.0000000E+00
  0.0000000E+00
  0.0000000E+00
  0.9402544    
  0.0000000E+00
  0.5771357    
  0.0000000E+00
  0.6056910    
  0.0000000E+00
   1.050614    
   2.648042    
  0.0000000E+00
  0.0000000E+00
  0.0000000E+00
  0.0000000E+00
  0.0000000E+00
  0.0000000E+00
   1.875771    
  0.8231073    
  0.0000000E+00
  0.0000000E+00
  0.0000000E+00
  0.0000000E+00
  0.0000000E+00
  0.0000000E+00
  0.0000000E+00
  0.0000000E+00
   2.833665    
   2.530294    
  0.0000000E+00
  0.0000000E+00
  0.0000000E+00
   1.607690    
   7.392206    
   3.847188    
  0.0000000E+00
  0.0000000E+00
  0.0000000E+00
   4.751628    
   3.547279    
  0.0000000E+00
  0.0000000E+00
  0.0000000E+00
  0.0000000E+00
  0.0000000E+00
   1.121291    
  0.0000000E+00
   2.038536    
  0.0000000E+00
  0.2130413    
   1.131520    
   2.875889    
   1.809250    
  0.0000000E+00
   1.509917    
  0.0000000E+00
  0.0000000E+00
  0.0000000E+00
  0.8756375    
  0.0000000E+00
  0.0000000E+00
   2.092691    
  0.7001588    
  0.0000000E+00
  0.0000000E+00
  0.4613294    
  0.0000000E+00
   3.712660    
  0.7081257    
  0.0000000E+00
   2.536736    
   3.401296    
  0.8714732    
  0.0000000E+00
  0.9673072    
  0.0000000E+00
  0.0000000E+00
  0.0000000E+00
  0.0000000E+00
  0.0000000E+00
  0.0000000E+00
   1.623549    
  0.0000000E+00
  0.0000000E+00
  0.0000000E+00
  0.0000000E+00
  0.0000000E+00
  0.9711140    
  0.0000000E+00
  0.0000000E+00
   2.692575    
  0.0000000E+00
  0.0000000E+00
  0.0000000E+00
  0.0000000E+00
  0.0000000E+00
   1.575121    
  0.0000000E+00
  0.0000000E+00
  0.0000000E+00
   3.117013    
  0.0000000E+00
  0.0000000E+00
   3.786005    
  0.0000000E+00
  0.0000000E+00
   1.159295    
  0.0000000E+00
  0.0000000E+00
   1.050919    
   1.339216    
  0.0000000E+00
  0.0000000E+00
  0.0000000E+00
  0.0000000E+00
  0.0000000E+00
   1.186535    
   8.379892    
   18.87479    
  0.0000000E+00
  0.0000000E+00
  0.0000000E+00
  0.0000000E+00
   1.444423    
   3.049642    
  0.0000000E+00
  0.0000000E+00
  0.8776530    
  0.0000000E+00
  0.0000000E+00
  0.0000000E+00
  0.0000000E+00
  0.0000000E+00
  0.0000000E+00
  0.0000000E+00
   1.874286    
  0.0000000E+00
   2.746957    
  0.0000000E+00
   4.123123    
  0.0000000E+00
   2.693449    
   10.50339    
  0.0000000E+00
  0.0000000E+00
  0.7361927    
  0.0000000E+00
  0.0000000E+00
  0.0000000E+00
   2.804290    
  0.0000000E+00
  0.0000000E+00
  0.0000000E+00
  0.6942579    
  0.0000000E+00
  0.0000000E+00
  0.0000000E+00
  0.0000000E+00
   1.582468    
  0.0000000E+00
  0.0000000E+00
  0.0000000E+00
  0.0000000E+00
  0.0000000E+00
  0.5889236    
   2.088424    
   7.800909    
  0.0000000E+00
   1.620150    
  0.0000000E+00
  0.0000000E+00
   2.945697    
  0.1945242    
  0.8852949    
  0.0000000E+00
  0.0000000E+00
  0.0000000E+00
  0.0000000E+00
   1.131930    
   1.636485    
  0.5462903    
  0.0000000E+00
  0.0000000E+00
  0.0000000E+00
  0.0000000E+00
   2.983351    
  0.0000000E+00
  0.0000000E+00
  0.9488642    
  0.0000000E+00
  0.0000000E+00
  0.0000000E+00
  0.0000000E+00
  0.0000000E+00
  0.0000000E+00
   11.10053    
  0.0000000E+00
  0.0000000E+00
  0.7277096    
  0.5255468    
  0.0000000E+00
  0.0000000E+00
   5.618737    
  0.0000000E+00
  0.0000000E+00
  0.0000000E+00
  0.0000000E+00
  0.0000000E+00
  0.0000000E+00
  0.0000000E+00
  0.0000000E+00
  0.0000000E+00
  0.0000000E+00
  0.0000000E+00
   5.064423    
  0.0000000E+00
  0.0000000E+00
  0.0000000E+00
  0.0000000E+00
  0.0000000E+00
   1.701386    
  0.0000000E+00
  0.0000000E+00
  0.0000000E+00
   1.954741    
   1.045272    
  0.0000000E+00
   7.550054    
   1.563681    
  0.0000000E+00
   2.806020    
  0.0000000E+00
   3.401736    
  0.0000000E+00
  0.0000000E+00
  0.0000000E+00
  0.0000000E+00
   1.332846    
  0.0000000E+00
   1.506319    
  0.0000000E+00
  0.0000000E+00
   2.878157    
   8.649158    
   2.372981    
   1.986311    
  0.0000000E+00
  0.0000000E+00
  0.0000000E+00
  0.0000000E+00
  0.6826161    
  0.4874929    
  0.5788833    
   1.089148    
  0.0000000E+00
  0.0000000E+00
  0.0000000E+00
  0.0000000E+00
  0.0000000E+00
   1.159138    
  0.0000000E+00
  0.0000000E+00
  0.0000000E+00
  0.0000000E+00
  0.0000000E+00
  0.0000000E+00
  0.9713768    
  0.0000000E+00
  0.0000000E+00
  0.0000000E+00
   3.950579    
   10.09772    
   1.165326    
  0.0000000E+00
   2.838120    
  0.0000000E+00
  0.0000000E+00
   1.612225    
  0.0000000E+00
  0.0000000E+00
  0.0000000E+00
   1.151391    
  0.0000000E+00
  0.7251639    
  0.0000000E+00
  0.0000000E+00
  0.0000000E+00
  0.0000000E+00
  0.6825951    
   1.182066    
  0.0000000E+00
   1.044725    
   5.196954    
  0.0000000E+00
  0.0000000E+00
  0.1468397    
  0.0000000E+00
  0.0000000E+00
  0.0000000E+00
  0.9821410    
  0.0000000E+00
  0.8147324    
  0.0000000E+00
   1.166327    
  0.0000000E+00
  0.0000000E+00
  0.0000000E+00
  0.0000000E+00
   2.801335    
  0.0000000E+00
  0.0000000E+00
  0.2781426    
  0.0000000E+00
  0.0000000E+00
  0.0000000E+00
  0.0000000E+00
  0.0000000E+00
   5.434214    
  0.0000000E+00
  0.0000000E+00
   2.106325    
   6.652780    
  0.0000000E+00
  0.0000000E+00
  0.0000000E+00
   2.586260    
  0.0000000E+00
  0.0000000E+00
  0.0000000E+00
  0.0000000E+00
   1.022370    
  0.0000000E+00
   1.712817    
  0.0000000E+00
  0.3125155    
   1.293800    
  0.0000000E+00
   2.544032    
  0.0000000E+00
  0.0000000E+00
  0.0000000E+00
  0.0000000E+00
   2.455423    
  0.0000000E+00
  0.0000000E+00
  0.0000000E+00
  0.0000000E+00
  0.3591457    
   1.912179    
  0.0000000E+00
  0.0000000E+00
  0.0000000E+00
  0.0000000E+00
  0.0000000E+00
  0.0000000E+00
  0.0000000E+00
   1.061650    
  0.4226417    
  0.0000000E+00
   1.643856    
  0.0000000E+00
  0.0000000E+00
   2.768407    
  0.0000000E+00
  0.0000000E+00
   2.203937    
  0.0000000E+00
  0.0000000E+00
   1.671165    
  0.5331205    
  0.0000000E+00
  0.0000000E+00
   5.844091    
  0.0000000E+00
  0.0000000E+00
  0.8073563    
  0.0000000E+00
  0.0000000E+00
  0.0000000E+00
   1.233405    
  0.0000000E+00
  0.0000000E+00
   2.847560    
  0.0000000E+00
  0.0000000E+00
  0.0000000E+00
  0.7367947    
  0.0000000E+00
  0.0000000E+00
  0.0000000E+00
  0.0000000E+00
  0.0000000E+00
  0.0000000E+00
   9.059400    
  0.0000000E+00
  0.6552721    
  0.0000000E+00
   2.471476    
   1.473966    
  0.0000000E+00
  0.0000000E+00
  0.0000000E+00
  0.0000000E+00
   1.105784    
  0.7672424    
  0.0000000E+00
   3.812951    
  0.6576763    
   2.013229    
  0.0000000E+00
  0.5333277    
   1.535781    
  0.8051990    
  0.0000000E+00
  0.5622090    
   3.795867    
  0.0000000E+00
   4.158946    
   1.741805    
   1.707912    
  0.0000000E+00
   1.579966    
  0.0000000E+00
  0.0000000E+00
  0.0000000E+00
  0.0000000E+00
  0.9562277    
   1.477575    
  0.7221778    
   10.59167    
  0.7922281    
  0.0000000E+00
   1.020921    
  0.6503504    
  0.0000000E+00
  0.0000000E+00
  0.0000000E+00
  0.4835185    
   4.123734    
   1.761633    
  0.8050013    
  0.0000000E+00
   2.075436    
  0.0000000E+00
  0.0000000E+00
  0.0000000E+00
   3.892632    
  0.4128428    
  0.0000000E+00
  0.0000000E+00
  0.0000000E+00
  0.0000000E+00
  0.3947561    
  0.0000000E+00
  0.0000000E+00
  0.0000000E+00
  0.0000000E+00
   5.360999    
  0.0000000E+00
  0.0000000E+00
  0.4253618    
  0.7722007    
  0.0000000E+00
  0.0000000E+00
  0.0000000E+00
   3.599782    
  0.0000000E+00
  0.0000000E+00
   2.407491    
   1.771631    
  0.0000000E+00
  0.0000000E+00
  0.0000000E+00
  0.0000000E+00
  0.0000000E+00
  0.0000000E+00
  0.0000000E+00
  0.0000000E+00
   2.177643    
  0.0000000E+00
  0.0000000E+00
   2.194556    
   1.135710    
   2.281395    
   1.754114    
  0.0000000E+00
   1.365883    
  0.0000000E+00
  0.0000000E+00
  0.0000000E+00
  0.4298709    
  0.0000000E+00
   1.062640    
  0.5391338    
   1.485595    
  0.3256525    
   1.551590    
   1.918404    
  0.0000000E+00
  0.0000000E+00
  0.0000000E+00
  0.0000000E+00
   5.542300    
  0.0000000E+00
  0.0000000E+00
   1.247026    
  0.0000000E+00
  0.0000000E+00
  0.0000000E+00
  0.4070784    
  0.6531926    
  0.2299904    
  0.6485856    
  0.0000000E+00
  0.0000000E+00
  0.0000000E+00
   4.283436    
  0.0000000E+00
  0.0000000E+00
  0.0000000E+00
  0.0000000E+00
  0.0000000E+00
   7.640582    
  0.0000000E+00
  0.0000000E+00
  0.0000000E+00
   4.581228    
  0.0000000E+00
   2.066462    
  0.0000000E+00
  0.0000000E+00
   5.042013    
   11.10800    
  0.0000000E+00
  0.0000000E+00
   4.105394    
  0.0000000E+00
  0.0000000E+00
  0.4021380    
  0.0000000E+00
  0.0000000E+00
   1.508545    
  0.0000000E+00
  0.0000000E+00
  0.0000000E+00
  0.0000000E+00
  0.7004753    
   4.230062    
  0.0000000E+00
   1.789857    
  0.0000000E+00
   1.076845    
  0.0000000E+00
  0.0000000E+00
  0.6602969    
  0.0000000E+00
   2.669568    
  0.0000000E+00
  0.0000000E+00
  0.0000000E+00
  0.4911750    
   4.512813    
  0.0000000E+00
  0.0000000E+00
  0.0000000E+00
  0.0000000E+00
  0.0000000E+00
   2.298092    
   2.958646    
   4.660843    
  0.0000000E+00
  0.0000000E+00
   7.717802    
  0.0000000E+00
  0.0000000E+00
  0.0000000E+00
  0.0000000E+00
  0.0000000E+00
   4.190522    
   1.478612    
  0.0000000E+00
   15.21454    
  0.0000000E+00
  0.0000000E+00
  0.0000000E+00
  0.0000000E+00
  0.0000000E+00
  0.9593154    
  0.0000000E+00
  0.0000000E+00
   1.245239    
   5.057871    
  0.0000000E+00
  0.0000000E+00
   2.037173    
  0.0000000E+00
  0.0000000E+00
  0.0000000E+00
  0.0000000E+00
  0.0000000E+00
   13.42819    
  0.0000000E+00
  0.0000000E+00
  0.0000000E+00
   3.702935    
  0.0000000E+00
  0.0000000E+00
  0.0000000E+00
  0.0000000E+00
   1.232981    
  0.0000000E+00
   2.275437    
  0.3808697    
  0.0000000E+00
  0.6530167    
  0.7337160    
  0.0000000E+00
  0.0000000E+00
  0.0000000E+00
   3.740684    
  0.2854643    
  0.0000000E+00
   2.710878    
  0.0000000E+00
   1.440213    
  0.0000000E+00
  0.0000000E+00
  0.0000000E+00
  0.0000000E+00
  0.0000000E+00
   1.464972    
  0.0000000E+00
   3.311313    
   1.839264    
  0.0000000E+00
   1.558125    
  0.0000000E+00
  0.7050007    
   2.719544    
  0.7200255    
   4.147291    
  0.9293510    
  0.5993619    
  0.0000000E+00
  0.0000000E+00
  0.0000000E+00
   2.239013    
  0.0000000E+00
  0.0000000E+00
  0.0000000E+00
  0.0000000E+00
   1.442672    
  0.0000000E+00
   9.764376    
  0.9836577    
  0.0000000E+00
  0.7527140    
   4.647025    
   2.710140    
  0.0000000E+00
  0.0000000E+00
  0.0000000E+00
   3.514749    
  0.0000000E+00
  0.0000000E+00
  0.0000000E+00
   1.679041    
  0.8062300    
   1.682336    
  0.0000000E+00
   1.114632    
  0.8219435    
  0.0000000E+00
  0.0000000E+00
  0.0000000E+00
   3.275898    
  0.9230798    
   2.888684    
  0.0000000E+00
   2.777771    
  0.0000000E+00
  0.0000000E+00
   1.435004    
   1.826113    
   4.055622    
  0.0000000E+00
  0.0000000E+00
  0.0000000E+00
  0.0000000E+00
   4.236501    
  0.0000000E+00
   1.760695    
  0.0000000E+00
  0.0000000E+00
  0.0000000E+00
   1.114755    
   1.307137    
   2.378396    
  0.0000000E+00
  0.0000000E+00
  0.0000000E+00
   6.385304    
  0.0000000E+00
   7.656355    
   1.178023    
  0.0000000E+00
  0.0000000E+00
  0.0000000E+00
   2.606541    
   1.362897    
  0.0000000E+00
  0.0000000E+00
  0.0000000E+00
  0.7872598    
   4.664835    
   1.980638    
   2.021380    
   1.128406    
  0.0000000E+00
  0.0000000E+00
  0.0000000E+00
  0.0000000E+00
  0.0000000E+00
   1.190654    
   1.372266    
  0.5634114    
  0.0000000E+00
  0.0000000E+00
  0.0000000E+00
   2.972995    
  0.0000000E+00
  0.0000000E+00
  0.0000000E+00
   9.037609    
  0.0000000E+00
   2.662562    
  0.0000000E+00
  0.0000000E+00
   8.351933    
  0.0000000E+00
   1.374056    
  0.0000000E+00
   2.500072    
   1.492853    
  0.0000000E+00
  0.0000000E+00
   2.613654    
  0.0000000E+00
  0.4129076    
  0.7730135    
  0.0000000E+00
   2.884345    
  0.0000000E+00
  0.0000000E+00
  0.0000000E+00
  0.0000000E+00
  0.0000000E+00
  0.0000000E+00
  0.0000000E+00
  0.0000000E+00
  0.0000000E+00
  0.6955059    
   11.13274    
  0.6774823    
   3.167746    
  0.0000000E+00
  0.0000000E+00
   1.844166    
   13.55274    
  0.0000000E+00
  0.2458066    
   1.548560    
  0.0000000E+00
   1.593578    
   1.183335    
   1.779354    
  0.0000000E+00
   1.670537    
   1.282640    
   1.361530    
  0.0000000E+00
  0.4089867    
  0.0000000E+00
  0.0000000E+00
  0.0000000E+00
  0.0000000E+00
   1.307457    
  0.7627582    
  0.0000000E+00
  0.0000000E+00
  0.0000000E+00
  0.8723314    
  0.0000000E+00
  0.0000000E+00
  0.0000000E+00
  0.0000000E+00
  0.0000000E+00
  0.0000000E+00
  0.0000000E+00
  0.0000000E+00
  0.0000000E+00
   1.491523    
  0.0000000E+00
  0.0000000E+00
   3.258521    
  0.0000000E+00
  0.0000000E+00
   3.056008    
  0.0000000E+00
  0.0000000E+00
  0.0000000E+00
  0.0000000E+00
  0.5169082    
   1.710022    
  0.7135015    
   4.628474    
   2.964830    
   1.963656    
  0.0000000E+00
  0.0000000E+00
  0.0000000E+00
  0.0000000E+00
  0.0000000E+00
  0.0000000E+00
  0.0000000E+00
  0.9601935    
  0.0000000E+00
  0.0000000E+00
   2.429349    
  0.0000000E+00
  0.0000000E+00
  0.8068662    
  0.5837492    
   4.462060    
   2.685064    
  0.6729196    
  0.1703695    
  0.0000000E+00
  0.0000000E+00
  0.0000000E+00
   1.434914    
  0.0000000E+00
   2.763463    
  0.0000000E+00
  0.0000000E+00
   2.590175    
  0.0000000E+00
  0.0000000E+00
   2.714902    
   1.263961    
   1.162485    
  0.0000000E+00
  0.0000000E+00
   1.002479    
  0.0000000E+00
  0.0000000E+00
   1.965369    
  0.6508305    
  0.0000000E+00
  0.0000000E+00
  0.0000000E+00
  0.0000000E+00
  0.0000000E+00
  0.0000000E+00
  0.0000000E+00
  0.0000000E+00
  0.0000000E+00
  0.0000000E+00
  0.0000000E+00
   1.241564    
  0.0000000E+00
  0.0000000E+00
   1.776218    
   1.365970    
   4.731049    
  0.0000000E+00
  0.0000000E+00
  0.0000000E+00
  0.0000000E+00
   1.388613    
  0.0000000E+00
   4.223689    
  0.0000000E+00
   3.077949    
   1.807471    
  0.0000000E+00
  0.0000000E+00
  0.0000000E+00
  0.0000000E+00
  0.0000000E+00
   1.008273    
  0.0000000E+00
  0.0000000E+00
   1.218014    
  0.0000000E+00
  0.0000000E+00
  0.0000000E+00
  0.0000000E+00
  0.0000000E+00
   2.402158    
  0.0000000E+00
   1.637691    
  0.0000000E+00
   3.659672    
  0.0000000E+00
  0.0000000E+00
   1.052479    
   3.722186    
  0.0000000E+00
  0.6869743    
  0.0000000E+00
  0.0000000E+00
   1.537857    
   1.830160    
  0.0000000E+00
   3.070755    
  0.0000000E+00
  0.0000000E+00
  0.0000000E+00
   1.313710    
  0.0000000E+00
  0.5072002    
   3.574461    
  0.0000000E+00
   1.000103    
  0.0000000E+00
   1.048577    
   2.547875    
   1.405946    
   2.787102    
  0.0000000E+00
   2.586358    
  0.0000000E+00
   15.63977    
   1.418174    
  0.6623766    
   3.472042    
   1.353555    
  0.0000000E+00
  0.0000000E+00
   2.968338    
  0.5417673    
  0.8943397    
  0.0000000E+00
   1.691338    
   1.003135    
   2.433210    
  0.0000000E+00
  0.0000000E+00
  0.0000000E+00
   1.253683    
   1.344039    
  0.0000000E+00
   4.888283    
  0.0000000E+00
  0.2286878    
  0.0000000E+00
   5.030027    
   2.545509    
   1.479337    
   2.893748    
  0.8278384    
  0.0000000E+00
  0.0000000E+00
  0.0000000E+00
  0.0000000E+00
  0.4437159    
  0.2489528    
  0.7514814    
  0.0000000E+00
  0.0000000E+00
  0.0000000E+00
  0.0000000E+00
  0.0000000E+00
  0.0000000E+00
  0.0000000E+00
  0.0000000E+00
  0.0000000E+00
  0.0000000E+00
   15.19430    
   1.224708    
  0.0000000E+00
  0.0000000E+00
  0.0000000E+00
  0.3889025    
  0.0000000E+00
   1.785987    
  0.7816339    
  0.0000000E+00
  0.0000000E+00
  0.0000000E+00
  0.0000000E+00
  0.6243202    
