   1.865467    
   1.694798    
   3.298368    
  0.6805982    
  0.5817491    
   2.016445    
  0.7141750    
  0.6872543    
  0.2734463    
  0.7233508    
   1.478778    
  0.7234485    
  0.4705181    
   2.211820    
  2.9585391E-02
  0.5105988    
  0.2136817    
  0.8069013    
   1.832761    
  0.1758244    
  0.8731848    
  0.9949078    
  0.5454782    
   1.997153    
   1.920330    
  0.8538696    
  0.0000000E+00
   1.850006    
  0.6605986    
  0.2793137    
  0.4273658    
   1.105390    
   1.055760    
   1.566466    
   1.698178    
   2.130462    
  0.3587093    
  0.4679315    
  0.6246454    
  0.1626949    
  0.6305694    
   1.872386    
   2.527929    
  0.3214245    
   1.583472    
  9.8731481E-02
  0.8540316    
  0.7650942    
  0.2753791    
  0.5475467    
  0.3121548    
   1.354067    
  0.4175059    
  0.6589636    
   1.799489    
   1.084407    
  0.3438687    
   1.700413    
   3.902799    
  0.2713489    
  0.5577557    
  0.9091003    
   1.128628    
  0.5290910    
   2.051784    
  0.5675575    
  0.2901852    
  9.8731481E-02
  0.8512148    
   1.866665    
  0.4167872    
  0.5189895    
  0.5297380    
  2.9585391E-02
  0.3617564    
   2.932566    
  0.4088463    
  0.7384154    
  0.2866116    
  0.1835143    
  0.5639518    
   2.626875    
  0.2061006    
  0.6920996    
   1.064876    
   1.180579    
  0.5558679    
  0.3959164    
  0.5480628    
  0.1223315    
  2.9585391E-02
   1.283179    
  0.3615443    
  0.3365333    
   1.828312    
   2.308042    
  8.4298134E-02
   1.102872    
  2.9585391E-02
  0.2865271    
   2.511544    
   1.364592    
  0.3271566    
  0.6047441    
  0.5411904    
  0.2060140    
  0.3478066    
  0.5348123    
  0.3633396    
   2.216809    
  0.3056688    
   1.711641    
  0.3071719    
   1.652369    
  0.4232467    
  0.0000000E+00
  0.6678005    
   1.860210    
  0.2749160    
  0.7919344    
  0.5700114    
   1.670568    
   1.759069    
  0.3659506    
  0.6621488    
   1.170784    
   2.665998    
  2.9585391E-02
   6.417821    
   1.428167    
   3.300124    
  0.3170101    
  0.4808066    
  0.3670847    
   9.215314    
  0.5365192    
  0.4541056    
  0.5829024    
   1.860668    
  0.2076958    
  0.5593809    
   1.655083    
  0.4287300    
   1.156128    
  0.9057381    
   2.072668    
  0.1471985    
  0.2647190    
   1.150141    
  0.2152579    
  2.9585391E-02
  0.4015721    
   2.064849    
  0.2276525    
   1.084963    
  0.2154434    
   1.178903    
  0.9108774    
   1.146194    
  0.3669655    
   1.004250    
  0.8589298    
   1.099385    
  0.9088643    
  0.5197568    
  0.2318798    
  0.5548622    
  0.5151071    
   4.337649    
   10.92763    
   1.940522    
   1.810342    
   1.680725    
   1.101126    
   2.248509    
   1.222902    
  0.0000000E+00
  0.5897806    
  0.2673689    
  0.6232251    
   1.332357    
  0.4847348    
   1.001166    
   2.528355    
   1.420482    
  0.7404745    
   1.025301    
   1.221584    
  0.6198775    
  0.3646282    
  0.3909439    
  0.0000000E+00
   1.063408    
   1.796816    
  0.8087328    
   1.024526    
   1.832438    
  0.1442599    
  0.5877120    
  0.5494429    
  0.7097638    
  0.5851580    
   3.644615    
   2.699455    
  8.4298134E-02
  0.1611798    
  0.1138934    
  0.2542172    
  0.2628455    
  0.1418206    
  0.6878673    
  0.7011708    
  0.8009855    
   12.98557    
  0.6573202    
   2.671979    
  0.5351707    
   1.559152    
   1.878012    
  0.4700169    
   1.228583    
   2.025689    
  0.1845593    
   2.642144    
  0.7412111    
  0.5001392    
  0.3335109    
   1.337687    
  0.8183731    
   1.537942    
  0.5749621    
  0.3922233    
   1.565055    
   4.339073    
  0.0000000E+00
   1.460409    
  0.6040465    
  0.5478395    
   3.257641    
  0.4250733    
   1.375811    
   1.548773    
  0.8346948    
   2.643338    
  0.4798092    
   3.932002    
  0.1130740    
  0.4895903    
  0.9719174    
   1.161641    
   1.143297    
   1.225285    
  0.8215326    
   1.526468    
  0.7373662    
  0.4249022    
  0.5878868    
   1.609391    
   1.481060    
  0.6016826    
  0.4573149    
   1.191465    
  0.5368367    
  0.9507868    
  0.4191097    
   1.294130    
  0.6152120    
  0.2911538    
   1.423322    
  0.1457881    
  0.8235679    
  0.2140692    
   1.211307    
   1.718415    
  0.2616515    
  0.3970495    
  0.2154434    
  0.1951338    
  0.1183270    
   1.428014    
  0.3756028    
   2.752139    
  0.4776466    
  0.8633546    
  0.3684832    
  0.2747514    
  0.2095435    
  0.2706490    
  0.7352359    
  0.8735001    
  0.5706241    
   1.214463    
   1.523638    
  0.3969054    
  0.1749191    
   1.029662    
  0.2371859    
   1.185036    
   1.251870    
   3.106999    
  0.5909353    
  0.2533070    
   1.406363    
  0.4782760    
  0.3717044    
  0.4638171    
  0.4755040    
  0.6656237    
   1.140075    
   1.076291    
  0.5204958    
  0.3213724    
  0.1621255    
  0.8797938    
  0.4082706    
   1.161574    
   1.049585    
  0.4481398    
   2.498399    
  0.3173552    
  9.8731481E-02
   1.378084    
   3.442090    
  0.8363218    
   1.771260    
  0.2849909    
   1.399168    
  0.1982755    
  0.8770468    
   2.751772    
   1.682979    
  0.9010094    
   1.247957    
  0.5992125    
   1.322415    
   2.852223    
  0.6722111    
  0.7210538    
  0.3847925    
  0.1505776    
  0.1862818    
   3.727383    
  0.1951630    
   1.005419    
   2.914517    
  0.4945096    
  0.4562543    
  0.7202377    
  0.5995576    
  0.9988199    
  0.8912125    
  0.3745612    
  0.6478066    
  0.3199238    
   1.701486    
  0.6965507    
  0.1863470    
   1.170678    
   1.007810    
   4.694085    
  0.4091781    
  9.9941313E-02
  0.2928442    
  0.9193009    
  0.7947392    
   1.025605    
  0.8355751    
  0.9224526    
   1.703633    
  0.4133509    
   4.939841    
  0.4780757    
   2.513126    
  0.7919812    
   2.768224    
   1.568599    
  0.3079033    
  0.2073416    
  2.9585391E-02
  0.8323094    
  0.6235532    
   2.409637    
   5.852697    
  0.1124983    
   1.144025    
  0.1321496    
  0.4818685    
  0.2900296    
  0.3078584    
   2.834924    
  0.4301646    
   2.597892    
  0.1552399    
  0.4699884    
   1.633133    
  0.5368737    
  0.5472757    
   3.343942    
  0.6242338    
  0.6203048    
   2.440983    
  0.4178411    
  0.2138744    
  0.2764901    
  0.5805297    
  0.6161407    
   1.452429    
  0.2473591    
  0.4982174    
  0.8808410    
  0.3731663    
  0.4909089    
  0.2728094    
  0.8138491    
   1.502416    
  0.1946515    
   3.452078    
  0.9856364    
   1.139385    
   1.743072    
  0.8041050    
  0.4364813    
   5.292079    
   1.007782    
   2.795211    
   1.093292    
  0.2729277    
  0.7489815    
   1.309711    
  0.3202576    
   1.137764    
  0.1132924    
  0.7965972    
  0.4262203    
  0.6228951    
   2.069342    
  0.4881668    
  0.7801247    
  0.9106100    
  0.3255127    
   1.702486    
   1.582776    
  0.9326315    
  0.5870081    
   4.223991    
  0.2619060    
  0.5064119    
   1.886675    
   1.370596    
   1.459403    
  0.8970302    
   7.747773    
   1.081176    
  0.5386594    
   1.463053    
  0.9082522    
  0.9189705    
  0.7223006    
  0.4405775    
  0.2347970    
  0.1210299    
  0.2277158    
  0.5430887    
   2.135573    
   1.201835    
  0.1434737    
   3.201426    
   2.427838    
   3.446312    
  0.6921305    
   1.197783    
  0.0000000E+00
  0.6817475    
  0.9193860    
   1.484564    
  0.2958017    
  0.7170320    
  0.3670758    
  0.1380689    
   1.667292    
  0.2823353    
  0.2874995    
  8.4298134E-02
  0.5321107    
  0.5096069    
  0.1130740    
   1.444681    
  0.9122483    
  0.3349275    
   1.087495    
   1.010658    
  0.2177251    
   1.227247    
  0.6524892    
  0.7360015    
   2.603075    
  0.8687158    
  0.4481694    
   1.558658    
   3.520941    
   10.41409    
  0.6536493    
   1.726131    
  0.6977123    
  0.2099244    
   4.317078    
  0.9719034    
  0.3249343    
   1.982430    
   2.073755    
   1.925484    
  0.6907077    
   1.271410    
  0.9912050    
  0.1887080    
  0.9560547    
  0.6334488    
  0.6654354    
  0.2327946    
  0.1635870    
   1.754957    
  0.1705283    
   2.436386    
   2.323091    
  0.8328687    
   2.829216    
  0.9699253    
  0.5088298    
  0.2396670    
   2.526242    
   1.171686    
   1.946046    
  0.6410483    
  0.3653651    
   3.017648    
   1.794070    
   2.623993    
  0.7449964    
  0.4219460    
  0.9510634    
   3.541068    
  0.2895651    
  0.8593772    
  0.2623078    
   1.094861    
  0.4705689    
   1.362322    
  0.1676573    
  9.8731481E-02
  0.4610429    
  0.9887949    
   1.074943    
   1.458011    
  0.3230503    
  0.8191977    
  2.9585391E-02
  0.7319605    
  0.6366791    
  0.2963385    
  0.2032749    
  0.1482231    
  0.5231879    
   1.675170    
   1.140335    
  0.3273775    
  0.6391009    
   1.089005    
  0.3576428    
  0.6716491    
  0.3582883    
  0.7059793    
  0.4389085    
  0.2581518    
   1.952292    
   3.572498    
  0.6454231    
  0.4636352    
  0.4029663    
   1.468901    
  0.6144214    
  0.1130740    
  2.9585391E-02
  0.6419739    
  7.3169328E-02
  0.3685355    
  2.9585391E-02
   4.297873    
   1.639436    
  0.0000000E+00
  0.4855297    
  0.9658119    
  0.1844970    
  0.8972399    
  0.8762294    
  0.3242001    
  0.4255164    
  0.7015488    
  0.5161692    
   1.567919    
  0.9109572    
  0.6095651    
  0.9088414    
  0.4051954    
  0.9020447    
  0.5649027    
  0.4135849    
  0.5441033    
   1.063979    
   5.586915    
   1.030742    
  0.2402083    
  0.3343141    
  0.3664234    
   2.139233    
  0.4783829    
   1.702879    
  0.1831467    
  0.2216158    
   1.053723    
  0.6131954    
  0.5796965    
  0.1109563    
   1.677244    
   6.002421    
  0.6609924    
   1.224480    
  0.2928397    
  0.1130740    
   7.742026    
   1.045249    
  0.3170101    
   1.098731    
   2.446547    
   1.824571    
   1.542673    
  0.6303522    
   1.433067    
  0.7065688    
  0.9044969    
  0.5332919    
  0.2453328    
  0.7416109    
  0.1710991    
   1.529448    
   5.055320    
  9.9941313E-02
  0.9822999    
  0.4290565    
  0.6099240    
   1.566990    
   2.086318    
   1.478007    
  0.3269486    
  0.6815448    
   1.882070    
   2.192841    
   2.180784    
  0.4451247    
  0.2293511    
  0.7607125    
  0.4450173    
   1.547752    
   1.962663    
   2.571576    
   1.236555    
  0.8711270    
  0.8560806    
  0.6620806    
  0.2666388    
  0.2406970    
  0.4351587    
  0.1490799    
  0.4456955    
  0.1607179    
   5.893406    
  0.5160657    
  9.8731481E-02
   1.113024    
  0.1538327    
   1.183795    
  0.3959969    
  0.2462810    
  0.4075780    
   1.409558    
  0.4611542    
   1.820471    
  0.9894050    
  0.5487916    
   1.013818    
  9.1560997E-02
   3.073110    
   1.387047    
   1.192247    
  0.6387008    
  0.6450790    
  0.6855873    
   2.147868    
  0.5193959    
   1.358751    
   3.547410    
   1.015331    
   2.163918    
  0.2016847    
  0.5074632    
  0.4258480    
   1.753511    
   1.321030    
   1.729732    
   1.501138    
   1.038371    
  0.5691757    
  0.6116292    
  0.1447381    
  0.4851770    
  0.4355969    
  0.5971595    
   1.829698    
  0.9144719    
   1.747818    
  0.4445292    
  0.0000000E+00
   1.007852    
  0.7800995    
  0.1964198    
  0.6521940    
   1.058997    
  0.5251469    
  0.3896095    
  0.3351162    
   3.674292    
  0.2531700    
  0.4637675    
   1.226307    
  0.5710351    
   1.100830    
  0.6326295    
   1.129904    
  0.2161558    
  0.8303369    
   2.299216    
  0.3478066    
  0.8360159    
  0.1740835    
  0.5471973    
  0.4954768    
  0.6145362    
  0.3419843    
   6.568099    
  0.7640579    
  0.2874449    
  0.5935364    
  0.7176229    
   1.399683    
   1.546561    
  0.6493585    
  0.3566597    
  9.8731481E-02
  0.1900171    
   1.393436    
  0.7969951    
  0.0000000E+00
  0.2997540    
  0.2028717    
  0.7443925    
   3.549703    
   2.544511    
  0.2730838    
  0.8018439    
   1.487083    
  0.3287942    
   2.001215    
   2.109816    
   1.209298    
  0.0000000E+00
  0.4413460    
   7.049421    
  9.8731481E-02
   1.735334    
  0.2135761    
  0.8849754    
   1.110010    
  0.2687287    
  0.4996213    
   3.854554    
   1.307350    
   1.714064    
   1.240604    
  2.9585391E-02
   1.682817    
  0.7272244    
  0.3889284    
   1.006856    
  0.4500140    
   2.000907    
  2.9585391E-02
  0.7128988    
   2.221847    
   2.379999    
   1.569983    
  0.2930905    
  0.2042376    
  0.0000000E+00
   2.289580    
   2.406922    
   1.461851    
  0.2209448    
  0.4139160    
  0.6506600    
  0.8854607    
  0.6409738    
  0.1705283    
  9.8731481E-02
  0.3917352    
  0.1587809    
   1.511185    
  0.8550095    
  0.5538429    
   13.87881    
  0.8240779    
  0.1758015    
  0.7671300    
  0.6606639    
  0.6743152    
  0.8429542    
   2.286344    
  0.4608588    
   1.283411    
  0.3883678    
   1.074124    
  0.4093586    
   1.016120    
  0.4565008    
  0.3243061    
  0.1166427    
  0.6836138    
  0.9065257    
  0.5019781    
   2.726406    
  0.4202748    
   2.220295    
  0.9006751    
  0.4481052    
   6.292457    
   1.520159    
  0.5417227    
  0.3827104    
  2.9585391E-02
  0.7298273    
  0.3834282    
  0.8274305    
  0.6111780    
   1.730418    
   2.168769    
   3.143185    
  0.4808880    
  0.7455083    
  0.6048015    
  0.1362631    
  0.4658136    
  0.3888316    
  8.4298134E-02
  0.8466553    
   1.385243    
   1.219844    
  0.8883913    
  0.5440921    
  0.9658949    
  0.8610806    
   1.546021    
  0.9945976    
   4.511261    
  0.3646407    
  0.1569465    
  0.1896507    
   1.835892    
   3.483708    
  0.5374979    
  0.5373282    
  0.3776913    
   2.281264    
   2.071652    
  0.6721754    
  0.6299664    
   1.520944    
   1.717881    
  0.5055891    
  0.7241666    
  0.2786213    
   1.252754    
   2.179571    
  2.9585391E-02
  0.5111532    
  0.0000000E+00
  0.2097050    
  0.1138934    
  0.4128592    
  0.8056488    
   4.128289    
  8.4298134E-02
   1.216000    
  0.2708420    
  0.3901121    
  0.6900185    
  0.1791163    
  0.2154434    
  0.4106005    
  0.2121053    
  0.2872258    
  0.4585436    
  0.5208119    
   4.577370    
  0.3541048    
  9.9941313E-02
  0.4232930    
   1.827175    
  0.3723364    
  0.9819530    
  0.2323696    
   1.750199    
  0.4958803    
  0.2907659    
   1.907228    
  0.1887740    
   1.287548    
   1.393199    
  2.9585391E-02
   1.072711    
   1.265408    
  0.1800912    
  0.2156279    
   1.138091    
  0.2762502    
   1.213844    
  0.8030908    
   1.470040    
   1.790143    
   2.556788    
  0.8009022    
  0.7087655    
  0.2137820    
  0.1654336    
  0.6443170    
  0.5135889    
  0.1992271    
   1.220846    
  0.4599105    
   1.015582    
  0.9674894    
  0.3009629    
   1.266586    
  0.0000000E+00
  0.6199250    
   1.102742    
   2.452681    
  0.5178412    
  0.6848587    
  0.5914000    
  0.8166181    
   2.648956    
  0.5044262    
  0.1863980    
   1.652311    
   4.166678    
  0.2482466    
  0.1447381    
   1.219965    
  0.5179032    
  0.3551635    
   1.829125    
  0.2466119    
  0.9425965    
  0.2274853    
   1.404283    
  0.1298323    
  0.2624526    
  2.9585391E-02
  0.6718871    
  0.8736411    
  0.6257193    
   1.962563    
   1.651823    
   1.381217    
  0.8047884    
  0.3064229    
   4.048015    
  8.4298134E-02
   1.276658    
  0.2945836    
  0.3418199    
  0.1482231    
   1.187974    
  0.1447381    
   2.070894    
   1.577703    
  0.2489514    
  8.4298134E-02
   2.859237    
   2.087587    
  0.1441781    
  0.7047137    
  0.9502351    
  0.1903537    
   1.357613    
  0.2464948    
   4.318755    
  0.5606986    
  0.5202613    
   1.043635    
  0.2891570    
  0.3848535    
   1.250795    
  0.1635583    
  0.2368787    
   3.763263    
   1.517171    
  0.7613290    
  0.1362631    
  0.3976328    
  0.9550604    
   1.760922    
   1.102213    
   1.656249    
  0.2035334    
   1.307618    
   4.560078    
  0.9192272    
  0.2743396    
   1.139274    
   2.639993    
   1.400180    
  0.0000000E+00
  0.4920026    
  0.6974191    
  0.6670493    
  0.2702456    
  0.2028717    
   1.101250    
  0.7905269    
   1.541994    
   1.222848    
  0.2411983    
   3.920494    
  0.9660847    
  0.8508002    
   1.129973    
   2.477500    
  0.8762183    
  0.3925665    
  0.6223409    
   4.421916    
   2.468009    
  0.7245986    
  0.1417414    
  0.4531312    
   1.083279    
   1.177898    
   1.802067    
   1.096928    
  0.6659518    
  0.6349257    
   3.130256    
  0.4049004    
   1.848490    
   1.394344    
  0.6757252    
  0.7488552    
   8.481079    
   2.851624    
  0.6791748    
   1.521127    
   1.024732    
   2.127932    
  9.8731481E-02
  0.6354294    
  0.4963703    
  0.4887469    
   1.749449    
   3.045354    
  0.3153150    
   1.289032    
  0.6666327    
  0.2102421    
  0.6966958    
  0.6757182    
   3.142096    
  0.5196081    
  0.1631197    
   1.032044    
  0.4260738    
  0.2415123    
  2.9585391E-02
  0.4955410    
  0.8088980    
   1.167999    
   2.052623    
  0.3903444    
  0.4323511    
  0.4179993    
  0.8654586    
  0.3744476    
   1.256647    
   1.629607    
  0.5840319    
  0.1804285    
  0.2161864    
  9.8541558E-02
   1.133616    
  0.4449958    
  0.3873574    
   1.056534    
   2.211390    
   1.123192    
  0.7949815    
  0.4013132    
   1.086413    
   2.781114    
  0.4999641    
   1.664545    
   1.566247    
  0.6465424    
  0.3467006    
  0.9350718    
  0.3704539    
   1.839971    
  0.0000000E+00
  0.2348287    
  9.9941313E-02
  0.4672356    
   4.859742    
  0.4062709    
  0.5098092    
  0.5223027    
  0.4818549    
  0.2342264    
   1.916963    
  0.7880810    
  4.3753110E-02
  0.3951348    
   2.701789    
  0.9263929    
  0.2003787    
  0.7616016    
  0.1919637    
  0.6129909    
  0.1726831    
  0.3741393    
  0.4031517    
  0.2134989    
   1.070940    
  0.1827982    
   5.660499    
   1.432998    
   1.512762    
   1.047104    
   3.267616    
  0.4365602    
  0.4071234    
  0.3943812    
  0.1636168    
  0.9014551    
  0.4254849    
   1.221013    
  0.1920410    
  0.5963152    
  0.3415176    
  0.5108933    
   2.165924    
  0.3307100    
   1.389728    
  0.0000000E+00
  0.8793972    
  2.9585391E-02
  0.2154434    
  0.4109672    
  0.6105685    
   3.941123    
   1.483389    
   3.115667    
  0.7812712    
  0.4331082    
   1.953542    
  0.4441258    
  0.3859738    
  0.7198812    
   1.250561    
  0.9257472    
   2.131222    
  0.8945498    
  0.6939920    
  9.9941313E-02
  0.3309091    
  8.4298134E-02
   2.000494    
   3.054847    
  0.6849299    
   1.315687    
   1.473217    
  0.3336205    
  0.6004685    
  0.4844424    
   1.002027    
  0.5501617    
   1.525488    
  0.8181540    
  0.5126376    
  0.2875316    
  0.2622501    
   2.416491    
  0.5450611    
  0.6446115    
  0.4362594    
  0.5415361    
  0.7584684    
   1.563590    
   1.098456    
  0.2416323    
   1.517081    
  0.4585240    
   1.730921    
  0.8595291    
  0.5966415    
  0.5019737    
  0.3494147    
  0.5068387    
   2.201889    
  0.5180454    
  0.5804890    
   3.006277    
  0.5446571    
  0.4165702    
  0.4374299    
  0.2285384    
  0.7520887    
   1.427272    
  0.4604567    
   1.083887    
  0.4339081    
  0.4009554    
  0.8718876    
   2.645237    
   1.413490    
  0.8828562    
  0.7714671    
   1.100239    
   1.053327    
  0.1919377    
  0.2376486    
  0.4175551    
   1.137617    
   1.742913    
  0.3907340    
  0.3950047    
  0.2888679    
  2.9585391E-02
   1.059308    
  0.2028717    
  0.7014286    
  0.1468366    
  0.3268695    
  0.5856485    
   3.325428    
  0.3908665    
   2.626730    
   1.075626    
  0.2440112    
  0.1840012    
   6.141893    
  0.2889189    
   1.048437    
  0.4747839    
   1.606717    
  0.2643626    
   1.580962    
   1.179879    
  0.5348748    
  0.8309621    
  0.3030844    
  0.8808786    
  0.9772123    
   2.182142    
  0.9700544    
  0.7898871    
  0.5433074    
   1.676125    
  0.3702632    
  0.2395702    
   1.714598    
  0.6475868    
  0.7253104    
   1.997604    
   1.424333    
  0.1138934    
  0.1130740    
  0.3212508    
  0.2385819    
  0.7746654    
   1.531236    
   1.177428    
  0.6305703    
   1.295193    
   1.427816    
  0.1975758    
  0.5174696    
   3.174681    
  0.5995587    
   1.320956    
   1.209291    
  0.9926748    
  0.9951783    
   1.726691    
  0.1577912    
  0.4823827    
   1.292304    
  0.8167168    
  0.5211091    
  0.2531140    
   1.875199    
  0.6556383    
  0.3155114    
  0.4778329    
  0.2303089    
  0.1652005    
  0.2819153    
   1.319882    
   2.198468    
   18.90162    
  0.7363018    
  0.3966278    
  0.3660626    
   1.200586    
  0.2111001    
   2.342092    
  0.7753279    
  0.1818235    
   1.011804    
  0.4269749    
  0.2990843    
   3.271875    
  0.3814418    
   6.422970    
  0.3726587    
   2.997112    
  0.2977912    
   1.042382    
   1.007048    
  0.2675794    
  0.3614994    
   1.438402    
   3.306623    
   1.375924    
   1.367288    
   1.306784    
  0.4682096    
   1.796527    
  0.4357626    
   1.287117    
  0.9996702    
   1.250110    
  0.1567522    
  0.3221735    
  0.1342471    
  0.3919629    
  0.8601668    
  0.1964845    
  0.8417521    
  0.3979479    
   6.335246    
  0.0000000E+00
   1.486268    
   1.671658    
   1.077608    
  0.3340696    
  0.4886011    
  0.2641042    
   1.481680    
  9.9941313E-02
   1.470654    
  0.6001990    
  0.6095211    
   3.694526    
  0.8075522    
  0.3837299    
  0.3531424    
  0.3606045    
   1.313988    
  0.1990420    
  0.2262119    
  0.1538327    
   1.019523    
  0.5245689    
  0.0000000E+00
  0.8988802    
  0.7018967    
  0.3679929    
  0.5099233    
  0.1942553    
  0.3871605    
  0.6309982    
  0.3349794    
  0.1520778    
  0.3030221    
   1.977773    
   7.118487    
  0.3330610    
  0.1130740    
  0.9016834    
  0.3884581    
   1.611461    
   1.099920    
  0.4003434    
  0.9252908    
  0.9378994    
  0.3047769    
  0.2042376    
   3.740656    
   4.303565    
  0.7782478    
  0.3686702    
  0.1625385    
   2.938957    
   1.459898    
  0.4887515    
  0.2976609    
   1.726008    
  0.4269922    
  0.1292402    
  0.1290813    
   1.182983    
   3.191152    
  0.5011898    
  0.2314198    
  0.4700911    
  0.3341059    
  0.4662134    
  0.3805989    
  0.8067011    
  0.7312883    
  0.1124983    
  0.9269326    
   1.236911    
   2.254080    
  0.6580203    
  0.2640079    
  0.2591780    
  0.1401172    
  0.7255731    
  0.8556664    
  0.4831159    
  0.4842756    
  0.2448656    
  0.7355418    
  0.5300567    
  0.4845053    
  2.9585391E-02
  0.6706007    
   1.026327    
  0.2839164    
  0.7811401    
  0.9742872    
  0.2205599    
  0.1538327    
  0.2392583    
  0.2395941    
   2.085218    
   1.440987    
  0.6986082    
  0.2478239    
   1.937478    
  0.9176138    
  0.2518450    
   1.119139    
  0.5016056    
  0.6922766    
  0.6234801    
  0.7176198    
  0.1130740    
  0.0000000E+00
  0.2659933    
   1.900009    
  0.4671135    
   1.178423    
  0.1447381    
  0.5806745    
  0.0000000E+00
   2.334084    
  0.1626949    
  0.5715817    
  0.4650138    
   1.800810    
   1.286264    
   1.327819    
  0.9949738    
  0.9845795    
  0.5079895    
  0.6286954    
  0.2471021    
  0.9761856    
  0.4468113    
  0.1927855    
  0.3027048    
   1.197486    
  0.1712861    
  9.9941313E-02
  0.4791671    
   3.882999    
  0.4183399    
  0.3100210    
  0.6858720    
  0.8673169    
   1.236062    
  0.2792216    
  0.7197325    
  0.4457968    
  0.2079716    
   2.401853    
  2.9585391E-02
   1.943389    
  0.4660016    
  0.4323668    
   1.758349    
  0.3336812    
  0.2416323    
  0.4205970    
  0.7791303    
  0.5285627    
  0.5561298    
  0.3435488    
   1.736140    
   2.761362    
  9.8731481E-02
  0.8391004    
  0.7088324    
  0.9269096    
   11.81654    
  0.3845147    
  8.4298134E-02
   1.673121    
   1.133392    
   2.104490    
  0.5090848    
  0.4052678    
  0.7959561    
  0.2960582    
  9.8731481E-02
   1.437919    
   3.542593    
  0.5546083    
  0.4330246    
  0.7568331    
  0.5293018    
  0.5696206    
  0.5062153    
  0.2192071    
   3.024915    
  0.4556904    
  0.8525824    
  0.1405357    
  0.2228708    
  0.4458569    
  0.3922450    
  0.1580503    
  0.8906703    
   1.017566    
   1.032881    
   2.404923    
   3.242635    
   3.578887    
   1.368198    
  8.4298134E-02
  0.4191161    
   1.460631    
  0.8775542    
  0.3303489    
  0.6024551    
  0.3075567    
  0.4285370    
  0.8154703    
   2.057586    
  0.3782701    
  0.1971094    
  0.2186677    
  0.3622794    
   3.309843    
   1.088163    
   1.316550    
  0.5667095    
  2.9585391E-02
  0.6391794    
  0.4466766    
  0.3488977    
  0.0000000E+00
   3.403487    
  0.1130740    
  0.5227116    
   4.101005    
   2.445184    
   1.135188    
  0.6066775    
  0.1223315    
  0.1995080    
  0.2786616    
  0.4036421    
   1.711240    
  0.2220279    
  0.9472585    
  0.4111356    
  0.4782519    
  0.4106604    
  0.7398242    
  0.6951461    
  0.8209084    
  0.1622364    
   1.355533    
  0.0000000E+00
  0.5753583    
  0.2747850    
  0.1542056    
   3.272445    
  0.4207052    
  0.3625787    
  0.4562056    
   3.758760    
  0.9114812    
   3.013824    
  0.8464533    
  0.8962488    
  0.5915524    
   3.401280    
   3.916780    
  0.2513278    
  0.5716770    
  0.1758124    
  0.9495181    
  0.5769295    
   2.650218    
  0.5533118    
  0.4400533    
   9.445645    
  0.6820228    
  0.3466401    
  0.0000000E+00
  0.4096348    
  0.4350047    
  0.8459949    
   1.595338    
  0.6514121    
  0.3418249    
  0.4606205    
   6.396069    
   1.225591    
  0.3131676    
  0.1614727    
  0.7550137    
  0.9990569    
  0.1371452    
  0.7951343    
   2.315226    
  0.4935780    
  0.1802210    
  0.1919844    
   2.012527    
   3.573076    
   1.237797    
  0.1940292    
   3.164289    
   2.996969    
  0.7912654    
  0.6168354    
  0.4946909    
   1.583129    
  0.2744566    
  0.3271198    
  0.5457852    
  0.4142620    
  0.2822330    
  8.4298134E-02
  0.7924474    
  0.4938966    
   1.537557    
  0.6837496    
  0.5826278    
   1.118116    
  0.4402305    
   1.992355    
  0.4581246    
   2.837047    
  0.3352489    
  0.8568738    
   1.259801    
   1.084850    
  0.4022551    
   1.666219    
  0.3175410    
   1.260892    
  0.2272231    
   2.155447    
  0.1800580    
  0.7349319    
  0.1071479    
   1.277671    
   9.150785    
   4.142392    
  0.1818235    
   3.705987    
  0.6568984    
  0.3434404    
  0.3086477    
  0.2421696    
   2.745040    
  0.7676145    
  0.2102993    
   1.884700    
  0.6074270    
  0.2168244    
  0.4593855    
  0.7824097    
  0.7288874    
  0.7052587    
   1.024706    
  0.6217552    
  0.7251459    
   3.138698    
   1.357941    
  0.7151005    
  0.1864275    
  0.5973109    
   4.177203    
  0.4749409    
   1.609217    
  0.6008231    
  0.3395234    
  0.0000000E+00
   2.801339    
   2.489557    
  0.9979364    
  0.2741286    
   1.342803    
   4.346302    
   3.021966    
  0.7966850    
  0.5331795    
  0.4442846    
  0.2385866    
  0.9807064    
   1.616989    
  0.0000000E+00
  0.7538055    
   1.306381    
  0.5939901    
  0.7356519    
  0.1828188    
  0.7706259    
   1.767562    
  0.3987994    
  0.3168779    
  0.2432345    
   1.642971    
   2.792804    
  0.2135869    
   2.022141    
   2.302105    
  0.6533437    
  0.4912812    
   1.320801    
  0.2448131    
  0.9248242    
  0.4311398    
  0.6222393    
   1.195013    
  0.2137820    
   5.357967    
  0.4163527    
  0.4960470    
  0.7460853    
  0.4087775    
   1.618858    
  0.5635026    
  0.1942233    
  0.2969564    
  0.8796829    
   3.060236    
   1.036034    
   2.263752    
  0.5530670    
   1.200727    
  0.5505153    
  0.5721341    
  0.9889222    
  0.9942165    
  0.5512613    
  0.2277818    
  0.4678621    
  0.7382573    
  0.7263497    
  0.8902346    
  0.2354289    
  0.2931971    
  0.4414568    
  0.5284997    
   1.864538    
   1.620427    
   2.625903    
  0.4188209    
   7.339108    
   1.502746    
   2.474072    
  0.4265797    
   1.085054    
  0.9706531    
  0.5202460    
  0.6192487    
  0.6302928    
  0.7306502    
  0.3470442    
  0.4204652    
  0.1223315    
  0.4071975    
  0.2011064    
   1.352567    
  0.2067913    
  0.3967475    
  0.7273344    
   2.985014    
  0.9733453    
   2.150371    
   1.331362    
  0.3017147    
  0.8788900    
  0.3518129    
  0.5431245    
   1.704683    
  0.1905329    
  0.4149851    
   1.115509    
   2.561550    
   1.134198    
   1.010788    
   1.336949    
  2.9585391E-02
  0.8392172    
  0.9291137    
   2.846658    
  0.5274027    
   3.616273    
  0.1418867    
  0.0000000E+00
  0.6418598    
   1.197178    
  0.5481861    
   1.702741    
  0.7045100    
   1.157895    
   1.533025    
  0.2870471    
  0.2032860    
   1.250844    
  0.5283584    
  2.9585391E-02
  0.9573721    
   1.804066    
  0.3937359    
   1.050880    
  0.7106851    
  0.3488040    
   4.526306    
  0.7762429    
   2.356531    
   1.337165    
  0.9564557    
  0.1626949    
  0.3972916    
  0.5344248    
  0.4645965    
   6.445320    
  0.3828411    
  0.9519602    
   2.406655    
   1.184660    
  0.9092371    
   2.158382    
   2.718330    
  0.2713757    
  0.7838818    
   3.366868    
  0.5653788    
  0.4956316    
   1.405587    
  0.9886730    
   3.123587    
  9.8731481E-02
   1.761291    
   1.446867    
  0.4268131    
  0.5621986    
  0.8065159    
  0.4745806    
  0.7754900    
  0.3854958    
  0.6019287    
  0.9982949    
  0.9608909    
  0.5202407    
  0.5177513    
   1.033265    
  0.1636905    
   3.031018    
  0.1292402    
   1.260644    
  0.9438199    
  0.8302621    
  0.6625807    
   1.017181    
  0.8494979    
  0.5309935    
  0.6888313    
   1.680820    
  0.1677390    
  0.2764901    
  0.1352684    
  0.2056876    
  0.0000000E+00
   1.058484    
   1.016946    
  0.2749807    
  0.2512462    
   2.639121    
  0.2355970    
  0.5746606    
  0.9119585    
  0.3894715    
   1.016614    
  0.6064752    
  0.8194554    
   1.233805    
  0.8465055    
  0.1800912    
   1.298838    
  0.2083405    
  0.5725196    
  0.5032847    
  0.7730908    
  0.4885287    
   1.082344    
   1.153223    
  0.4975905    
  0.6015565    
  0.6393430    
   2.018577    
  0.3133092    
  2.9585391E-02
  0.5417979    
  0.6753665    
   3.298217    
   1.267183    
  0.8740152    
  0.3432754    
  0.0000000E+00
  0.2319811    
  0.5207351    
  0.1849751    
  0.2574294    
  0.0000000E+00
   3.856534    
   3.881310    
  0.1818235    
   1.365858    
  0.7365926    
  0.5322215    
  0.3841395    
  0.4364212    
   2.066410    
  0.9046381    
  0.5339230    
  0.6856558    
  0.7836697    
   1.019381    
  0.2836816    
  0.0000000E+00
  0.3089370    
   2.158412    
  0.6783284    
   1.679149    
   4.094483    
  0.5545774    
   5.403792    
  0.9332278    
   1.097705    
  0.6906203    
  0.3838094    
  0.9818720    
   2.568812    
  0.1059784    
  0.4990697    
   1.677209    
   2.059191    
  0.9765241    
  0.0000000E+00
  0.1914237    
  0.2130667    
  0.0000000E+00
  0.3098741    
  0.6134947    
  0.7593867    
   1.723726    
  0.1800912    
   1.325619    
   2.649388    
  0.4294210    
  0.1477871    
  0.2658369    
  0.2664179    
  0.3782262    
  0.6798472    
  2.9585391E-02
  0.2551135    
  0.5720685    
   2.497769    
  0.2589330    
  2.9585391E-02
  0.2670540    
   1.964286    
  0.5389584    
  0.3710273    
   1.695307    
  2.9585391E-02
  0.1482231    
  0.4474131    
  0.7410191    
  0.6751468    
  0.9944311    
  0.6891484    
  0.6791227    
  0.1770957    
  0.5470482    
  0.9919841    
  0.8963742    
  0.6085113    
   3.395617    
  0.8683002    
   1.003421    
  0.8531852    
   1.258873    
   3.760223    
  0.5263758    
  8.4298134E-02
   1.451631    
   4.566963    
  0.5862702    
  0.7042278    
  0.0000000E+00
  0.8174741    
  0.9617712    
   1.602784    
  0.4076816    
  0.8457063    
  0.2900507    
  0.2213398    
   1.040362    
  0.4975017    
  0.3791506    
  0.9540536    
  0.4571107    
  0.5017160    
  0.3951080    
  0.6276890    
   1.780106    
  0.7009628    
   1.232771    
  0.4661934    
  0.5441334    
  0.6025787    
  0.2995496    
  0.4232985    
  0.5324580    
   1.483151    
  9.1560997E-02
   1.750212    
  0.2203547    
   5.751483    
   1.010379    
  0.0000000E+00
   6.779998    
   1.059411    
   1.378015    
  0.2036695    
  0.1872533    
  0.6101415    
  0.5154769    
   1.828738    
   5.315877    
  0.2993169    
   1.227379    
  0.3653354    
  0.7648705    
  0.4276254    
  0.1942816    
   1.023317    
  0.5261406    
  0.3359245    
  0.2300279    
  0.3700278    
  0.2216158    
   2.645874    
  0.2426412    
  0.2028717    
   3.204577    
   3.490281    
  2.9585391E-02
   2.220372    
  0.1748501    
   1.819609    
   4.136615    
  0.6556666    
  0.1910941    
  0.9192007    
  0.8792009    
   1.914151    
  0.8549374    
  0.7441037    
   1.871083    
  0.5049781    
   1.347175    
  0.2169128    
   1.007977    
   3.221339    
  0.7312912    
   1.106008    
  0.1487602    
  0.7431785    
  0.7942733    
  0.2994333    
  0.1240824    
   1.140403    
   1.174897    
  0.5855072    
  0.5562845    
  0.5013117    
  0.2197792    
   1.598807    
   5.675036    
  0.2454155    
  9.8731481E-02
  0.6639356    
  0.7573341    
  0.5706679    
   1.044611    
   1.884547    
  0.1230480    
  0.4779847    
  0.4178122    
  0.3590915    
   1.112114    
   1.118445    
   2.157508    
  0.3751583    
  0.8067944    
  0.2815075    
   1.085793    
  0.9414911    
  0.6860067    
  0.6720897    
   1.789573    
  0.5082431    
  0.7292242    
   1.187172    
  0.8341622    
  0.7629315    
  0.6770890    
   1.028229    
   2.663779    
  0.4436003    
   1.829054    
  0.8270975    
   1.997793    
  0.8998196    
  0.3387725    
  0.7908111    
   2.432442    
  0.5976179    
   1.148151    
  0.9431660    
   6.175972    
  0.7342402    
  0.2535739    
   1.109475    
  0.2100954    
  0.2851904    
  2.9585391E-02
  0.9997734    
   1.687861    
  0.4716303    
  2.9585391E-02
   1.677543    
   1.424949    
   1.429784    
  0.2008460    
  0.4928180    
  8.4298134E-02
  2.9585391E-02
  0.3371649    
  0.3520907    
  0.8530353    
  0.4592048    
   2.863040    
  0.2317855    
  0.5663198    
  0.5568438    
  0.5001611    
  0.7203523    
   4.396193    
  0.4187081    
  0.2926977    
   1.380043    
  0.4501961    
   2.255432    
  0.7717139    
   1.576893    
  0.0000000E+00
   1.081503    
  0.7134472    
  0.5090730    
   2.906832    
  0.7006517    
  0.2850030    
   1.257473    
   2.137921    
  0.5119277    
  0.3701676    
  0.1362631    
  0.8752413    
   1.071422    
  0.0000000E+00
   1.395460    
   1.785392    
  0.4839489    
  0.9594995    
  0.8444346    
   1.284543    
  0.3355846    
  0.7521895    
  2.9585391E-02
   1.107028    
  0.4609636    
   2.291059    
  0.3428052    
  0.3867423    
  0.8756909    
   1.173395    
   1.583986    
  0.9054101    
   2.723819    
  0.5616487    
  0.5442029    
  0.2485825    
   3.373061    
  0.3079513    
  0.7431734    
  0.6822981    
  0.1919377    
   2.807630    
  0.8487917    
  0.2852374    
  0.6488330    
   1.171434    
  0.6287464    
  0.3777060    
   1.004559    
   1.403461    
   2.260772    
   1.796290    
  0.4420484    
  0.7385669    
  0.4813418    
  0.3583319    
  0.3115864    
  0.2644440    
  0.5308738    
  0.7858581    
  0.3635765    
   1.453910    
  0.7019230    
   2.187221    
  0.5965119    
  0.5356588    
  0.2101444    
  0.4195386    
  0.4484640    
  0.3979478    
  0.2201059    
  0.5957601    
  0.6941895    
   2.442374    
  0.9364423    
   2.492994    
   1.366256    
  0.0000000E+00
  0.5630482    
  0.1818235    
  0.2844791    
  0.9416426    
   1.296191    
  0.1447381    
  0.9076493    
  0.2006577    
   2.442029    
   1.022731    
   1.330134    
   1.494821    
  0.8826977    
  0.1822584    
  0.6249991    
   1.162178    
   1.129848    
  0.3349563    
  0.6029398    
   1.243958    
   1.378597    
   1.215742    
  0.6566992    
  2.9585391E-02
   2.550623    
  0.8381247    
  0.6686695    
  0.3662180    
   2.650638    
  0.2481924    
   3.219676    
   2.664368    
  0.7125887    
  0.1401172    
  9.8731481E-02
   1.461145    
   1.805437    
   4.351545    
   1.740764    
   1.129271    
  0.7285714    
   1.347411    
  0.4121444    
  0.3840281    
  0.6994999    
  0.4365248    
  0.3784781    
   3.799684    
  0.2691216    
  0.8984203    
  0.9782827    
  0.8587442    
  0.2189013    
  0.6704752    
   1.195798    
  0.5909821    
  0.6670851    
  0.2009804    
  0.4752004    
  0.2723948    
  0.4086856    
  0.3327986    
  0.7480165    
  0.7746109    
  0.4979915    
  0.6163153    
   3.067664    
  0.1520778    
  2.9585391E-02
   1.575035    
  0.5209214    
  0.0000000E+00
  0.3139438    
   1.684745    
   1.024179    
  0.8083881    
   1.142488    
  0.1809806    
  0.5840850    
   7.543049    
  0.3639223    
  0.3322465    
  0.1912152    
  0.8791794    
   1.365430    
   1.942049    
  0.6134666    
   1.395694    
  0.5409032    
  0.2193691    
  0.1240824    
  0.5841733    
   1.639474    
  0.6224956    
  0.7082049    
  0.2805128    
   1.435603    
  0.2270620    
  0.7114345    
  0.3753134    
  0.3989386    
   1.222245    
   1.410962    
   1.349035    
  0.7696386    
   7.108600    
   1.177565    
  0.5647579    
   1.053835    
  0.0000000E+00
  0.1484774    
  0.4715457    
  0.5783926    
   1.999017    
  0.4190828    
  0.3300726    
  0.4685599    
   2.670588    
  0.3206483    
   4.191237    
  0.8309976    
  0.8464527    
  0.3762023    
  0.1800912    
  0.2225554    
  0.2708937    
  8.4298134E-02
  0.8908143    
  0.4058519    
  0.7747567    
  0.3105002    
   4.754885    
   1.426820    
  0.4593271    
   1.005486    
  0.8997465    
   1.721231    
  0.3442165    
   1.309255    
   1.069205    
  0.5129963    
   1.884872    
  0.8282207    
  0.3696872    
  0.6299224    
   1.349015    
   1.024016    
  0.5599583    
  2.9585391E-02
  0.6965215    
  0.7028511    
  0.4235410    
  0.9266041    
  0.4135019    
  9.8731481E-02
  0.7480725    
  0.2437887    
  0.1862818    
  0.6704564    
   1.378939    
  0.4719475    
  0.5194334    
   1.246313    
  0.7935413    
   1.765796    
   1.118127    
  0.2315481    
  0.7655198    
   2.353878    
   1.930223    
  0.2407836    
   1.440721    
  0.8978691    
   1.099396    
  0.3125725    
  0.5487884    
  2.9585391E-02
  0.5337546    
  0.8495779    
  0.3181631    
  0.3302868    
  0.8779026    
  2.9585391E-02
  0.2548818    
  0.1368218    
  0.1520778    
   1.011173    
  0.2927909    
  0.3252139    
  0.1223315    
  0.2135204    
   3.195415    
   2.751679    
   1.929369    
  0.5682693    
  0.1959257    
   1.762332    
  0.2052686    
  0.8259450    
  0.6352345    
  0.1862818    
  0.2888490    
  0.6681660    
  0.6133144    
  0.2832130    
  0.5244111    
   1.794890    
  0.6627898    
  0.1306288    
  0.5238327    
  0.3121094    
  0.9542777    
  0.9743332    
  0.3719979    
  0.1625385    
  0.9069251    
  0.8600832    
  0.7073407    
   1.669941    
  0.6948259    
   3.481011    
  0.7671057    
   1.103946    
   1.267705    
   2.719837    
   1.098643    
  0.2453044    
   2.775961    
  0.8258138    
   1.607479    
  0.2087573    
   1.594818    
   1.935958    
  0.2281120    
   2.283615    
  0.2568911    
  0.1078177    
   2.321711    
   2.583985    
   1.455632    
  0.3395720    
   4.878012    
   1.280997    
   2.451594    
  0.2809865    
  0.6223450    
  0.5871841    
   1.252694    
  0.4437354    
   2.745555    
  0.1397536    
   1.781279    
   1.415629    
  0.4488963    
  2.9585391E-02
   2.246475    
  0.2621916    
  0.8575825    
  0.0000000E+00
  0.2223160    
  0.8751888    
  0.3281722    
   2.194291    
  0.7094207    
   2.133695    
   1.461126    
  0.7585715    
  0.6752188    
  0.6727710    
  0.3713538    
  0.7109793    
   1.322019    
  0.5294684    
  0.7956325    
  0.2946396    
   1.692954    
  0.3619918    
  0.4321567    
  0.3467980    
  0.2178833    
  0.8438033    
   3.540875    
  0.4110689    
  0.0000000E+00
  0.8258932    
   1.955805    
   1.033472    
   3.472632    
  0.7053452    
  0.8365218    
  9.8731481E-02
  0.2143747    
  0.4797864    
  0.4763968    
  0.6048013    
  0.1420158    
  0.2833549    
  0.5549566    
  0.3954741    
  0.6855824    
  0.5675011    
  0.2509591    
  0.6233267    
  0.1800912    
   2.983166    
  0.1530616    
  0.5968513    
  0.2906281    
   2.297971    
   1.116685    
  0.9982769    
  0.2736053    
  0.6297369    
  0.7210028    
  0.3668090    
  0.1341303    
   2.509387    
  0.5211952    
  0.5538869    
  0.6115369    
  0.4764425    
  0.4906833    
  0.8404053    
  0.6307232    
  0.1223315    
   1.188810    
  0.4848332    
  0.3528461    
   1.462924    
   1.117370    
  9.8731481E-02
   1.746787    
  0.4281981    
   2.502353    
  0.4507195    
   1.713693    
  0.5100838    
  0.5424591    
   1.237331    
  0.8734162    
  0.6327630    
  8.4298134E-02
  0.3230057    
  0.4566225    
  0.4126256    
   2.945882    
  0.2947577    
  0.5004202    
   1.079136    
  0.3880371    
  0.6945908    
  0.7191742    
  0.2869663    
  0.1843322    
  0.4523000    
  0.5269650    
   1.791779    
   1.523074    
  0.1318833    
   2.092572    
  0.6213443    
  0.5095874    
  0.5403855    
  0.5057506    
  0.5127936    
  0.4905438    
   1.050096    
  0.1937174    
  0.9479117    
  0.8710191    
  0.3409466    
  0.8892497    
  0.5459942    
   1.377967    
   2.183408    
  0.1368218    
   2.870833    
   1.118173    
  0.4588305    
  0.1509876    
  0.5456346    
  0.5041881    
  0.1626949    
  0.3791082    
   1.075793    
   1.415803    
  0.5561309    
   1.315819    
  0.9850710    
   1.060042    
  0.7128504    
  0.3488856    
  0.9781373    
  0.1130740    
   1.015268    
  0.9644734    
  0.0000000E+00
   2.339807    
  0.5730692    
  0.6116805    
  0.8298343    
  0.9468423    
  0.4589196    
  0.4013297    
  0.2335337    
  0.3606222    
  0.1818235    
  0.9421257    
  0.2884238    
   1.272722    
   1.587978    
  0.3573019    
   1.411049    
   2.339157    
   1.128048    
  0.3672666    
   1.025935    
   1.119980    
  0.0000000E+00
  0.2432684    
  0.4298213    
  0.3859586    
  0.6740543    
   1.753042    
  0.3069471    
  0.9197740    
  0.5944909    
  0.6863390    
  0.3886980    
  0.3728037    
   1.142409    
   1.027113    
   1.698298    
   1.440925    
  0.2683305    
  0.8778473    
  0.4440562    
  0.5342361    
  0.9561654    
  0.1130740    
  0.4053011    
  0.7125373    
  0.6226877    
   1.511325    
  0.7369143    
   3.780327    
  0.8913785    
  0.3933972    
  0.4413474    
  0.3434026    
   1.777237    
  0.4119304    
   2.447542    
  2.9585391E-02
   1.319684    
  0.3825359    
  2.9585391E-02
   1.475822    
  0.5403827    
  0.7167713    
   1.817324    
  0.3186322    
  0.2589826    
   1.939498    
  0.7810479    
  0.2022401    
  0.3363035    
   1.197204    
   2.404690    
   1.463628    
   1.150334    
  0.0000000E+00
  0.3544120    
   1.143530    
  0.5505693    
   1.014139    
   1.949596    
  0.6258355    
   1.019665    
   2.777292    
   1.054798    
  0.2806858    
  0.5014740    
  0.3559395    
   2.532771    
  0.3489507    
  0.3320193    
   1.255579    
  0.3534566    
   5.923687    
  0.2249838    
  0.7147893    
   1.386258    
  0.2037179    
  0.8352807    
  0.5021126    
   1.704852    
  0.1306288    
   1.036342    
  0.2407836    
  0.3372709    
   3.514081    
  0.3848706    
  0.5676634    
  0.1705283    
  0.2277675    
  0.8246539    
  0.1362444    
   1.045913    
  0.2154434    
   1.372040    
   1.296231    
  0.4518404    
   1.056447    
   1.225779    
   2.616565    
  0.4810154    
  0.7393947    
  0.8637506    
  0.7917882    
  0.2135302    
  0.4156562    
   1.615134    
  0.6279477    
  0.6382610    
   1.342323    
   1.306717    
   3.652822    
   1.023681    
  0.3154498    
   1.017573    
  0.5790604    
   1.492628    
  0.7498434    
  0.2943901    
   1.007535    
  0.7620257    
  0.1710104    
  0.1144549    
  0.3357989    
  8.4298134E-02
  0.3379151    
  0.5093663    
  0.9771837    
   1.420046    
   1.236567    
  0.4065645    
  0.2114604    
  9.9941313E-02
   2.222016    
  0.8638805    
  0.9239060    
   3.018966    
  0.6722121    
   2.011352    
  0.2145257    
   1.171932    
  2.9585391E-02
   2.603943    
  0.0000000E+00
  0.2193477    
  0.1885168    
  0.1130740    
  0.9963407    
   2.398144    
  0.5145907    
   7.033545    
  0.1130740    
  0.4434584    
  0.4922960    
  0.1482231    
  0.8896678    
   1.195412    
  0.1390522    
  0.7756296    
  0.5483028    
  0.5846810    
   1.087366    
   1.108178    
  0.6931103    
  0.2973922    
   2.113360    
  0.7407128    
  0.1396398    
   1.020693    
  0.1796972    
  0.2869754    
   1.181503    
  0.1867964    
   1.751216    
  0.3294469    
  0.4824176    
  0.7556232    
  0.3373255    
  0.2111343    
  0.7708709    
  0.7753993    
   1.942733    
  0.4721365    
  0.4470517    
  0.7696373    
  0.2843293    
  0.0000000E+00
   1.199520    
  0.2367068    
  0.2089430    
  0.2227835    
  0.2753582    
  0.0000000E+00
  0.5172745    
   1.392495    
  0.4994642    
  0.7981157    
  0.3358933    
  0.7517461    
  0.4371820    
   1.873600    
  0.7893509    
   1.055172    
  0.9416909    
  0.2780660    
   1.115286    
  2.9585391E-02
  0.9811977    
  0.8082659    
   1.285591    
  0.2714991    
  0.2468606    
  0.2676701    
  0.4920817    
  0.1864597    
  0.9388375    
  0.8778968    
  0.7419931    
   1.353024    
  0.7515404    
  0.2645025    
  2.9585391E-02
  0.2407522    
  0.4269603    
   3.023687    
  0.5164847    
  0.7114470    
  0.4557300    
   1.007408    
  0.9507948    
   1.044143    
   2.643589    
   3.957188    
  0.4303843    
  0.4737735    
  0.5315615    
  0.3979697    
  0.1208812    
  0.6747411    
   2.395854    
   4.906219    
  0.4695603    
   1.334385    
  0.2328055    
   2.164557    
  0.2014149    
  0.0000000E+00
   4.283319    
   1.033324    
  0.7497883    
  0.1883293    
  0.7686666    
   2.141484    
  0.2807056    
  0.3520129    
  0.8956378    
   1.436069    
   1.982487    
  0.3619232    
   2.631011    
   1.154191    
  0.3747678    
   1.518991    
   1.228371    
  0.6526011    
  0.1341430    
   2.122102    
  0.0000000E+00
   8.180709    
  0.7098750    
   3.047302    
  0.9756147    
  0.8680766    
  0.9176844    
  2.9585391E-02
  0.9961642    
   3.239219    
  2.9585391E-02
   1.008570    
  0.1661420    
  0.1389130    
  0.5673559    
   1.389944    
  0.2016729    
   1.063350    
  0.4964391    
  0.1130740    
   2.064673    
  0.7891979    
  0.8893024    
   1.607473    
   1.433089    
  0.9731701    
   1.751819    
   1.501790    
  0.6386977    
  0.4966894    
  0.3571731    
  0.3151252    
  0.6006773    
  0.1484002    
   3.404282    
  0.8077118    
  0.1821325    
   1.031399    
   1.096645    
  0.3200000    
  0.7955832    
  0.5751610    
   1.951851    
  0.8891994    
   1.104049    
  0.5361225    
  9.8731481E-02
  0.2845977    
   1.823180    
   1.639951    
   2.433320    
   1.444048    
  0.1379927    
  0.9147989    
  0.3688509    
  0.2366389    
  0.9113589    
  0.3505064    
   2.434097    
  2.9585391E-02
   1.279266    
  0.7161956    
   1.526937    
   10.53473    
  0.8126917    
  0.3064550    
  0.4194317    
  0.2548818    
  0.4431453    
   4.676610    
  0.4578178    
   1.810475    
  0.8785735    
   1.319365    
  0.5221972    
   1.925179    
   2.535005    
   1.885257    
  0.3960823    
   2.300047    
   2.623847    
  0.4472767    
  0.1519667    
  0.2233899    
   1.589207    
  0.0000000E+00
   1.477424    
  0.1607106    
  0.3318597    
  0.5334206    
  0.5248056    
  0.1625385    
   2.921279    
  0.1365831    
  0.8438898    
   5.098065    
  0.9209144    
   1.331315    
  0.7161565    
  0.2771778    
  0.8465194    
   1.193996    
  0.6377129    
  0.8226324    
  0.8526794    
   2.842035    
  0.5415896    
  0.2183732    
  0.8028212    
  0.3258398    
  0.2206354    
  0.3765597    
   1.050660    
   3.193119    
  0.6776700    
  0.3906429    
  0.6705126    
   1.266265    
   5.857848    
  0.3601224    
  0.7030172    
   1.075736    
   3.262595    
   1.404530    
   1.671188    
   1.134301    
   1.247771    
  9.9941313E-02
  0.1654336    
  0.8926361    
   1.156339    
   1.345872    
  0.6590754    
  0.4865570    
  0.5523961    
  0.5640985    
  0.6376081    
   1.123065    
  0.7545258    
   1.751356    
  0.7915797    
  0.6321418    
  0.3149152    
   1.238466    
  0.9807908    
  0.3940761    
  0.2317325    
  0.8165783    
   1.048443    
  0.5784231    
   2.320477    
  0.4336252    
  0.6199977    
  0.8958868    
  0.7333791    
  8.4298134E-02
  0.3188912    
  0.6563826    
  0.6991879    
  0.5050107    
   2.514188    
  9.8731481E-02
  0.2390866    
  0.3623019    
   1.984270    
   1.562228    
   2.975718    
   1.496029    
  9.8731481E-02
  0.3465539    
   1.061216    
  0.0000000E+00
  0.4589462    
  0.1122143    
  0.9486650    
   1.600953    
  0.7307511    
  0.1130740    
   1.909487    
   1.035913    
   3.011694    
  0.4533753    
  0.3273897    
  0.4572674    
  0.8948802    
   2.763067    
  0.6403702    
  0.2335337    
   2.041394    
  0.6953520    
   1.196124    
  0.3516168    
  0.2454755    
  0.6564795    
   2.554718    
  0.1060782    
  0.2855347    
   1.257312    
  0.8379158    
  0.1946582    
   1.984081    
  0.1130740    
  0.4231979    
  0.9009845    
  0.9577771    
  0.4618101    
  0.1654336    
  0.6282128    
   1.167994    
   1.188277    
   2.396592    
  0.1192081    
  0.5738144    
  0.9608612    
  0.3787981    
  0.4507828    
  2.9585391E-02
   1.712013    
  0.3497200    
  0.9922109    
  0.7298391    
  0.1520778    
  0.5029922    
   1.160228    
  0.8371616    
  0.3469124    
   1.285427    
   2.002712    
  0.3301607    
   1.453484    
  0.7777274    
  0.8007230    
   1.258583    
  0.4157631    
   1.373297    
  0.6866264    
  0.1447381    
  0.4153870    
  0.2366370    
  2.9585391E-02
   1.279217    
  0.3096252    
  0.6941589    
  0.8131835    
   1.507813    
  0.1983812    
  0.5086136    
  0.4038471    
  0.8747333    
  0.8829327    
   1.796623    
  0.1482231    
  0.5795192    
  0.3488040    
   3.077664    
  0.4890061    
  0.9957287    
   2.917542    
  0.2367629    
  0.6005797    
  0.4613992    
   7.556301    
   3.860157    
   1.021165    
   1.687676    
   2.496226    
   1.629492    
   1.426471    
  0.2603453    
   1.319755    
   1.114887    
  0.3320633    
  0.7320165    
  0.4861593    
  0.5013811    
  0.8019314    
  0.6651942    
  0.8680711    
  0.4963254    
   1.945042    
   1.968888    
  0.6983977    
  0.1124983    
  0.3714243    
  9.2010938E-02
  2.9585391E-02
   1.159954    
  0.6166743    
  0.4450095    
   1.025640    
   1.072385    
  0.3524622    
  0.9632490    
  0.9268560    
  0.6261894    
  0.8630604    
   1.430085    
  0.1130740    
  0.5239046    
  0.2860959    
  0.7903398    
  0.8617430    
  0.1075168    
   2.229727    
  0.4099349    
  0.5325502    
  0.4132006    
   1.387633    
  2.9585391E-02
  0.3530559    
  2.9585391E-02
  0.4734147    
  0.4389057    
   1.536625    
   1.219214    
  0.6571625    
   1.110355    
  0.7653258    
   2.722440    
  0.2604247    
  0.7346155    
  0.1826084    
  0.3529641    
  0.2796031    
  0.1992271    
  0.5165010    
   1.620062    
  0.6560383    
  0.1654336    
  0.1845593    
   1.891801    
  0.9950298    
  0.2100459    
  0.0000000E+00
   1.208863    
  0.5141241    
  0.8368899    
  0.4989872    
  0.6804907    
  0.8306067    
  0.9690000    
  0.1827094    
  0.2588937    
   2.089093    
  0.4159509    
  0.5775198    
   1.015728    
  0.2974271    
   1.340087    
   2.227834    
  0.3991331    
  0.7756078    
  0.3354231    
   3.461231    
   1.163240    
  0.3803213    
  0.3972982    
   1.496097    
  0.0000000E+00
   1.813264    
  0.3293601    
   1.057716    
   1.251907    
  0.1362631    
   1.043239    
   1.652427    
  0.1525791    
   1.565227    
  0.9798551    
  0.3903439    
  0.5569171    
  0.3650001    
  0.8253503    
  0.5622526    
   1.344167    
  0.2889632    
  0.4608480    
   3.574698    
  0.2428165    
   2.248115    
  0.1368218    
  0.2139343    
  0.1482231    
  0.8914772    
  0.0000000E+00
  0.5979097    
   1.900348    
   2.278193    
   1.067087    
  0.3683954    
  0.6473305    
   1.199804    
  0.8764757    
   1.174227    
  0.3352498    
  0.4829375    
  0.1626949    
   2.701518    
   5.345261    
   1.574853    
  0.9699887    
   2.089793    
  0.5303789    
  0.3470121    
   1.591605    
  0.9506108    
  0.2395702    
  0.3813123    
   1.720980    
   1.433741    
  0.4684468    
  0.8910710    
   1.400602    
  0.5838149    
   1.931096    
  0.1752979    
   1.044871    
   1.309295    
   1.039049    
  9.8731481E-02
  0.7006190    
  2.9585391E-02
  0.5015410    
  0.8996496    
  9.9755310E-02
   1.634916    
  0.5432810    
  0.5212190    
   1.676479    
  0.8829477    
   1.432246    
   1.012958    
  0.1486043    
  0.9848176    
  0.6250699    
  0.5114325    
  0.3316634    
  0.5725607    
  0.1714743    
   2.617151    
   1.248438    
  0.1292402    
  0.1802137    
   1.460548    
   1.334582    
   2.616892    
  0.4030217    
  0.9572916    
   1.205952    
  0.4382853    
  0.5004860    
  0.2629592    
   2.399448    
  0.7350700    
  0.2528703    
   1.740912    
   1.938161    
  0.3742281    
  0.4164968    
  0.3263909    
   3.693147    
  0.4651746    
   1.805250    
  0.1501294    
  0.1130740    
  0.2154434    
   1.049641    
   3.502707    
  0.4874690    
   1.499387    
  0.3580154    
  0.9846391    
   1.735857    
  0.2986290    
  0.1165045    
   1.039524    
  0.4914801    
   2.040429    
  0.7234741    
   4.024549    
  0.1738898    
  0.1819352    
   3.653529    
   2.352392    
  0.6610801    
   2.915238    
  0.2449184    
  0.2734025    
  8.4298134E-02
   1.336268    
  0.5714455    
  0.8287725    
   1.191951    
  0.9545602    
   1.314767    
  0.8003207    
   1.493148    
   1.694266    
  0.6145260    
  0.5777810    
  0.2861702    
   1.491778    
  0.5156785    
  0.4272656    
   4.205212    
  0.6191391    
  0.2972658    
  0.5478460    
  0.1746439    
   2.104092    
  0.8990425    
  0.3096266    
  0.2228141    
   1.947546    
   2.885260    
  0.9052109    
   1.878507    
  0.2608815    
  0.9736034    
  0.4769737    
  0.5981032    
  0.9277898    
   1.298975    
   1.873653    
  0.6279457    
  0.3453844    
  0.4276153    
  0.6769424    
  0.8330331    
  0.3424663    
  0.2759225    
  0.4750420    
  0.7217313    
  0.7472494    
  0.2177461    
  0.9355342    
   1.937108    
  0.2411629    
   1.350456    
   2.139817    
  0.4007351    
  0.5043873    
  0.2872284    
   1.273105    
   1.470732    
  0.7958246    
  0.2082765    
  0.7030861    
  0.5118878    
   1.120017    
  0.4577271    
  0.6307085    
  0.9104236    
  0.3393855    
   2.300358    
  0.4838679    
  0.5138394    
  0.7461487    
   2.517339    
  0.8677748    
  0.3454991    
  0.8104544    
   1.143237    
   1.087901    
  0.7560555    
  0.1471785    
  0.4667253    
  0.3063199    
   1.563448    
   2.299251    
   1.034306    
  0.7074085    
  0.2405686    
  0.6176258    
  0.2305293    
   3.648404    
  0.3250885    
  8.4298134E-02
   2.661280    
   1.118466    
  0.9327372    
  0.4243187    
  0.6096708    
  0.6463897    
  0.3753704    
  0.9151949    
  2.9585391E-02
   1.419784    
  0.1717651    
   3.018923    
  0.6513396    
  0.4934326    
  0.5510111    
  0.2477939    
  0.5188850    
  0.5543466    
  0.1240824    
  0.2509125    
  0.3474261    
  0.5660810    
  0.1885401    
   1.221176    
  0.8301765    
   1.569637    
  0.4520519    
   1.171619    
  0.8627083    
  0.2122114    
  0.3911762    
  0.7205445    
   2.428405    
   1.199262    
  0.1486036    
  0.7268679    
   8.795876    
  0.2154434    
  0.6845178    
  0.3675379    
  0.6671963    
  0.8616820    
   1.073519    
   1.323059    
  0.2731024    
  0.6587472    
   1.261996    
  0.0000000E+00
  0.9720888    
  0.5767269    
  0.8493893    
   1.007729    
  0.5313686    
   1.143454    
  0.2088389    
  0.6451586    
  0.1447381    
  0.2104830    
  0.7459882    
   1.382432    
   1.719929    
  0.6865996    
  0.3413139    
   1.114427    
  0.9366557    
  0.6923044    
  0.1130740    
  0.6956803    
  0.6336858    
  0.1946515    
  0.2899964    
  0.5977865    
   1.229918    
  0.1487224    
  0.4547962    
  0.3267790    
  0.1520778    
  0.4308446    
  0.2616023    
   1.005678    
  0.9719635    
  0.3916888    
   2.887757    
  0.7195300    
  0.5331047    
   1.019720    
  0.0000000E+00
   1.898105    
   1.379593    
  0.1919377    
  0.8456589    
   1.020680    
  0.7396707    
   1.565364    
   2.200635    
  0.2885925    
  0.6261541    
   1.541676    
  0.5120823    
   1.774349    
  0.5042345    
  0.0000000E+00
   4.692194    
   3.754589    
   1.264544    
   1.337997    
  0.1334870    
  0.5226015    
  0.1075168    
  0.5760332    
   1.126721    
  0.1482231    
   1.282624    
   1.155230    
   1.776612    
  0.5119487    
  9.8731481E-02
  0.2136284    
  0.3148910    
   2.501065    
  0.1469001    
  0.5477750    
   1.283406    
   2.937597    
  0.4316764    
  0.6083407    
  0.6577820    
   1.749496    
  0.6838108    
   2.977544    
  0.1820836    
  0.9121385    
  0.6647267    
  0.2062202    
  2.9585391E-02
   1.219563    
  0.6646205    
  0.3157643    
   1.154450    
  0.6278219    
  0.2095105    
  0.9918947    
   1.119995    
  0.4727944    
  0.5470850    
  0.6596692    
   2.279919    
  0.1130740    
  0.5790169    
  0.9683385    
   1.910178    
   1.082842    
   7.918590    
  0.3669565    
  0.2649279    
   2.127950    
   1.753505    
  0.5673611    
  0.5612910    
  0.5073891    
   1.572618    
  0.9215023    
   1.596502    
  0.7926074    
   1.091686    
  0.7481359    
  0.1214288    
  0.1240824    
  0.4375218    
  0.3576482    
  0.5708153    
   4.626761    
  0.3360123    
  0.5974804    
   1.385671    
   1.095766    
   1.565277    
  0.4925365    
  0.3401475    
  0.6715932    
   1.614859    
   1.660281    
   2.285949    
   1.098226    
  0.1626949    
  0.4242325    
  0.4986803    
   1.253543    
   2.884241    
  0.6275830    
  0.3740010    
  0.1584045    
   3.101465    
   1.123734    
  0.6788585    
   3.085882    
  0.8135761    
  0.2893047    
  0.6286172    
  0.1831467    
  9.8731481E-02
   1.320011    
   1.178292    
   1.142174    
  0.5238437    
  2.9585391E-02
  0.8024633    
  0.5009699    
  0.8338756    
  0.7167005    
   1.394757    
  0.5323248    
  0.5019420    
  0.7052732    
  0.5150443    
  0.3177777    
  0.7550904    
  0.3948757    
  0.6978797    
  0.1769514    
  0.6080531    
  0.9801919    
  0.4008870    
  0.1066899    
   1.918201    
  0.8437117    
   1.075028    
   2.566386    
  0.3363254    
  0.4610151    
   2.870576    
  0.0000000E+00
   3.357334    
  0.8362451    
  0.0000000E+00
   1.254952    
   1.326951    
  0.5862852    
  0.3645242    
  0.3724434    
   3.407662    
  0.5062854    
  0.9905393    
  0.7090168    
  0.1626949    
   3.560368    
   1.020929    
  0.9666386    
   3.258950    
  0.3306642    
  0.6547189    
  0.1400565    
  0.2178833    
  0.4736096    
  0.4100007    
  0.5061268    
  0.6481839    
   1.388807    
  0.5462952    
   5.455460    
  0.4941352    
  0.5915943    
  0.2428097    
   1.254398    
   1.397329    
  0.5345892    
  0.4918778    
  0.4824502    
  0.1884955    
   1.912786    
  0.4570558    
  0.2283965    
  0.5847203    
  0.9077346    
  0.7254848    
  0.9561780    
   1.731030    
  0.2154434    
  0.2241921    
  0.3798812    
   2.294888    
  0.1845593    
  0.2923426    
  0.4761060    
  0.5260970    
   2.078203    
  0.2771690    
   1.078942    
  0.3935454    
  0.1028444    
   3.539297    
  9.8731481E-02
  9.8731481E-02
  0.5076191    
  0.2959063    
  0.6347245    
   1.098693    
  0.8130339    
  0.2504721    
  0.2263416    
  0.1274806    
  0.5130167    
  0.3373661    
   1.939899    
  0.3366669    
  0.2972649    
  0.4364385    
   1.008179    
  0.5802610    
  0.1705368    
  0.2934394    
   1.055849    
  0.3644693    
  0.5300115    
  0.2096398    
   1.301383    
  0.3424377    
  0.3034872    
   3.552133    
   1.854351    
  0.7662802    
   2.247611    
  0.5431704    
   1.019362    
   3.272244    
  0.5951018    
   1.205577    
  0.6975502    
   1.441901    
  0.4731846    
  0.2195369    
  0.4713055    
  0.1457881    
  0.2484256    
   1.352044    
   4.261333    
  0.4925070    
   1.327317    
  0.9793100    
  2.9585391E-02
   2.101052    
  0.5420582    
   1.807834    
  0.6125978    
  0.2493370    
  0.2375824    
   1.542932    
  0.1891344    
  0.2084359    
  0.2357786    
   2.968868    
  0.5842081    
   1.916839    
  0.6789451    
   3.367397    
  0.2083405    
  0.5494090    
   1.063842    
  0.8961713    
  0.4347987    
  0.6682755    
  0.1109563    
  0.6502389    
  0.2740093    
  0.7070577    
   9.724717    
  0.1845333    
  0.2483982    
  2.9585391E-02
  0.2305293    
  0.9866311    
  0.8934010    
  0.1538406    
   3.105082    
  0.7228934    
  0.2197326    
  0.3814200    
  0.7729013    
  0.3982027    
  0.8470115    
  0.3100165    
   5.803853    
   1.422367    
  0.6763965    
   1.078972    
  0.1044033    
   5.574089    
  0.4166375    
  0.6520893    
  0.3518852    
  0.2194344    
   1.582507    
  0.3020833    
  0.8835776    
  0.7970347    
  0.3155917    
  2.9585391E-02
   2.334126    
  0.4352822    
  0.7059413    
  0.0000000E+00
  0.7522665    
  0.7589349    
  0.4296880    
   2.208062    
  0.5059089    
   1.318851    
  0.6600621    
  0.2282404    
  0.3748967    
  0.0000000E+00
  0.0000000E+00
  0.5739499    
   1.047082    
  0.4391508    
  0.2141264    
  0.4205878    
  0.4461435    
   2.375632    
  0.6978708    
  0.6097910    
  0.5242741    
  0.7793321    
   3.114642    
  0.3440697    
  0.4957042    
   1.331204    
  0.8176756    
  0.2014733    
   1.485114    
  0.7608365    
  0.2910698    
  7.2292551E-02
  0.2084933    
  0.3885657    
   1.410656    
  0.6688733    
   8.468443    
  0.1737688    
  0.8379892    
  0.3906870    
  9.8731481E-02
   1.443470    
  0.4458548    
  0.4549626    
  0.7659289    
  0.8356702    
  0.0000000E+00
   1.851104    
  0.8332410    
  0.1841022    
  0.2542161    
  0.1575846    
  0.4897487    
  0.4139200    
  0.3750178    
  0.2009804    
  0.2914767    
  0.3069291    
  0.4925393    
  0.8451281    
  0.8341039    
  0.3979577    
  0.9427074    
  0.7089258    
   1.048249    
  0.6521038    
   1.334212    
  0.5954395    
  0.1304283    
  0.2684157    
   2.172654    
  0.3481201    
  0.7560560    
  0.4915091    
  0.2539816    
  0.5584083    
   1.790257    
  0.6095905    
  0.4714508    
  0.3082970    
  0.5532433    
   1.124449    
   3.731109    
   1.638320    
  0.5944268    
  0.1694180    
  0.5575937    
   5.711775    
   2.239139    
  0.6341483    
  0.7078086    
  0.5027613    
  0.2321225    
   2.832894    
  0.3685872    
  0.7701718    
   1.323483    
  0.3207136    
  0.1882069    
  0.8412276    
   1.211728    
   1.226668    
  0.7998376    
  0.5931354    
  0.2630573    
  0.1800912    
  0.1663557    
  0.3955949    
   4.198084    
   1.476125    
   1.055762    
  0.2351498    
   1.616063    
  0.2937894    
  0.4050930    
  0.1999778    
   1.467918    
  0.4626043    
  0.9948640    
   1.185671    
   1.261374    
  0.7207878    
  0.1520778    
  0.3317648    
  0.3244983    
  0.5755234    
  0.7160103    
  0.4764223    
   2.177233    
  0.2727717    
  0.9900805    
   1.357252    
   1.071609    
  0.5047019    
   1.225332    
   1.256965    
  0.5468107    
  0.1611798    
  0.1840902    
   1.174927    
  0.2787898    
  0.5843724    
   4.676064    
   9.911130    
  0.1587809    
  0.7820587    
  0.5370020    
  0.5497222    
   2.031665    
  0.8740336    
  0.3253628    
  0.3053301    
   1.744094    
  0.5625122    
  0.6957194    
  0.6323369    
  2.9585391E-02
  0.2790659    
  0.8746984    
  0.6516805    
  0.7096400    
  0.5238944    
  0.1075168    
   1.229087    
  0.3867994    
  0.4453289    
   2.522593    
   5.069195    
  9.9941313E-02
  0.8379628    
  0.2910885    
  0.1979433    
  0.9083558    
   1.540430    
  0.3314655    
  0.2147885    
  0.3221603    
  0.1240824    
   1.479191    
  0.9002528    
  0.3382992    
  0.2028717    
  0.5255924    
   1.334581    
  0.7074535    
  0.5741174    
   1.239714    
  0.3658081    
   1.879759    
  0.9388645    
   1.048188    
   4.582330    
  0.7125008    
   3.316984    
  0.6964118    
  0.3603082    
  0.3286195    
  0.0000000E+00
   1.393293    
  0.2939367    
  0.5560297    
  0.1625385    
  0.2572688    
  0.2335337    
  0.3436403    
  0.1800912    
   2.060821    
  0.4539793    
  0.5630677    
  0.4350516    
   1.791927    
   2.418394    
  0.2348538    
  0.2445418    
  0.9814957    
   3.532691    
  0.1569552    
  0.7212807    
  0.3115144    
   1.120777    
   1.400178    
  0.1746276    
  0.4366153    
  0.6769950    
   1.926389    
  0.9423054    
   1.473639    
  0.9996626    
  0.5228877    
  0.4190162    
  0.7956904    
  0.2446202    
  0.3513317    
   1.100536    
   1.513436    
  0.4850251    
   2.693612    
  0.5412701    
  0.2641473    
  0.9994870    
   1.787901    
  0.3539309    
  0.1531320    
   1.313213    
   5.114616    
  0.2565921    
  0.3819955    
  0.2782953    
  0.3231194    
   1.653490    
  0.4108609    
   3.130909    
  0.1505776    
  0.1499863    
   1.311125    
  0.9303250    
  0.8290456    
   2.433007    
  0.8794969    
  0.1818235    
  0.3587351    
   2.052835    
  0.6385457    
   1.723760    
  0.1130740    
  0.4735980    
   1.215086    
   2.489950    
  0.8954955    
  0.7377588    
  0.5616414    
  0.4505932    
   3.222553    
  0.9137691    
  0.5447898    
  0.0000000E+00
   2.208213    
  0.6963859    
  2.9585391E-02
  0.7218627    
  0.9052098    
   1.848061    
  0.3427627    
   2.070296    
  0.2147348    
   1.198249    
  0.4802185    
  0.2440112    
  0.7468992    
  0.8273655    
   4.331195    
   1.408071    
   3.582641    
   1.213289    
   1.657733    
  0.2983209    
  0.2255227    
  0.3191752    
   1.222670    
  0.5129075    
  0.3081764    
  0.4854182    
  0.5459874    
  0.3249339    
  0.5057272    
  0.2758213    
   1.597639    
  0.4387308    
  0.5714049    
  0.7411236    
   1.456909    
   1.679489    
  0.4421852    
  9.8731481E-02
   2.872517    
  0.4346319    
  0.6444830    
   1.200090    
  0.2655456    
   2.280452    
   3.902424    
  0.6799414    
  0.8068177    
   1.434488    
  0.2753906    
  0.8944116    
   1.600092    
   1.585079    
  0.8266206    
  0.2989607    
  0.6530383    
   1.122135    
  0.8617368    
  0.3545424    
  0.9869414    
   1.351356    
  0.2949005    
  0.3775579    
  0.6916084    
  0.7148977    
  0.6071008    
   2.343687    
  0.2737116    
  0.4150565    
  0.1730947    
  0.5657771    
  8.9246996E-02
  0.6314880    
  0.3853520    
  0.2758213    
  0.4656124    
  0.2210694    
   1.420986    
  0.3746601    
  0.9497774    
  0.4099719    
  0.9754900    
   1.870286    
  0.6426305    
   2.125356    
  0.1489965    
  0.4042757    
   1.155779    
   1.100783    
   2.922567    
  0.5697691    
   1.588637    
  0.2886958    
  0.7047301    
  0.6880926    
   2.722992    
   1.044840    
  0.5491601    
  9.8731481E-02
  0.6701737    
  0.2904128    
  0.2309881    
  0.2123981    
  2.9585391E-02
  0.8188440    
  0.8955514    
  0.5256448    
  9.9941313E-02
  0.2049278    
  0.6422282    
  0.4602281    
   2.022343    
  0.2082365    
  0.2154434    
  0.7266592    
  0.6861478    
   1.124056    
   1.437223    
  0.6868254    
   1.738245    
  0.8473288    
  0.1714565    
   1.373782    
   2.411274    
  0.2946383    
  0.2009804    
  0.5294335    
   2.819910    
   1.031293    
  9.8731481E-02
  0.3698778    
  0.4825477    
  0.5047836    
   1.669841    
  0.2515495    
  2.9585391E-02
   1.875084    
   1.067084    
   3.832968    
  0.7206017    
   1.140812    
   1.764459    
   1.034776    
  0.2294371    
  0.7359672    
  0.1195159    
   1.698112    
  0.3266631    
   2.244257    
  0.2592723    
  0.4478050    
  0.3738102    
  0.5178241    
  0.7765664    
  0.5252457    
  0.4099940    
   1.322597    
  0.1831467    
   4.261443    
   1.089930    
  0.3699258    
  0.5846469    
   1.056466    
  0.9492590    
  0.5910428    
  0.6091883    
  0.4283728    
   7.544005    
  0.5118610    
  0.8808342    
   1.022181    
  0.7213368    
  0.7788891    
   7.223534    
  0.7797202    
  0.1240824    
  0.5566676    
  0.6057540    
  0.4169880    
  0.3457117    
   1.078522    
  0.3510029    
  0.7042888    
  0.0000000E+00
  0.4184321    
  0.7540389    
  0.3111399    
  0.1575253    
  0.3486669    
   1.914743    
  0.2340063    
   1.789481    
  0.4891673    
  0.8860626    
   2.012329    
  0.7937503    
  0.0000000E+00
  0.8886983    
   1.247843    
   2.712930    
  0.9219996    
   1.382225    
  0.3017050    
   3.140823    
  0.6273059    
  0.1917030    
   1.027424    
  0.4325091    
  0.3588387    
  0.7500963    
  0.0000000E+00
  0.5282703    
   1.860473    
   1.166645    
  0.3877674    
   2.459947    
  0.6057128    
  0.8240451    
  0.2180719    
  0.0000000E+00
   1.093163    
  0.3740609    
  0.4298393    
  0.4195150    
   2.011702    
  0.7075884    
  0.3074499    
   1.590560    
   1.145092    
  0.6960430    
  0.9262273    
   1.841371    
  0.8350758    
   1.535229    
  0.1733682    
  0.6365063    
   1.190813    
  0.4659517    
  2.9585391E-02
   1.507868    
  0.6419422    
  0.1850759    
  0.7896196    
  0.8712595    
  2.9585391E-02
  8.4298134E-02
  9.9941313E-02
   1.051417    
  0.2627850    
  0.7731767    
  0.5813514    
  0.3841774    
   1.377612    
  0.2741264    
   2.677788    
   1.067957    
  0.5179020    
  0.8344195    
   1.448248    
  0.4801235    
  0.5936542    
  0.0000000E+00
  0.1718246    
  0.6277162    
  0.4162714    
  0.1240824    
  0.3201364    
  0.2574465    
  0.6719319    
  0.2516708    
  0.7478681    
  0.8875338    
  0.1625385    
   4.772687    
  0.2859582    
  0.7322177    
   1.806479    
  0.7154632    
  0.2427261    
  0.5616326    
  0.6271957    
  0.2872258    
  0.2034216    
  0.2572240    
  0.3167506    
  0.1064988    
  0.3334692    
   1.287678    
  0.4751804    
   1.956042    
   1.198265    
   1.909480    
  0.4049636    
  0.8519176    
  0.0000000E+00
  0.1482231    
   3.501496    
  0.3086525    
  0.1626949    
  2.9585391E-02
   1.688819    
  0.3318257    
  0.9893976    
  0.1240824    
   2.245874    
   2.940892    
   4.105524    
  0.8770383    
   1.884506    
   1.187207    
   1.549097    
   1.105419    
  0.1216417    
  0.4368401    
  0.1800912    
  0.8865212    
  0.8969694    
  0.9476604    
  0.4348275    
  2.9585391E-02
  0.5726856    
   2.152483    
   4.561600    
  0.7017228    
  0.8959198    
  0.8559594    
  0.5014744    
  0.3847174    
  0.1896861    
  0.6957412    
   1.337377    
   1.465681    
   4.841193    
   1.571283    
  0.1953091    
   4.398269    
  0.1595823    
   1.993343    
  0.4883246    
  0.2725437    
  0.5628814    
   1.357263    
   1.886513    
   2.313499    
   6.438402    
  2.9585391E-02
   2.580734    
  0.2499490    
  0.3355038    
  0.1684646    
  0.1975013    
  0.8430940    
   3.124693    
  0.6704611    
  0.4954942    
   5.528861    
  0.5914942    
  2.9585391E-02
  0.2850899    
  0.2009804    
   1.391731    
  0.4938188    
  0.3711321    
  0.3541877    
  0.7942484    
   2.949398    
   2.515060    
   1.131298    
  0.7945652    
  0.3583300    
  0.7821991    
  0.7659929    
  0.3952711    
  0.4298201    
   4.884274    
  0.3244163    
  0.2950478    
  0.3320968    
   1.068835    
   2.095111    
   1.112987    
   1.349447    
  0.8135002    
  0.9320797    
  0.2986372    
   1.350961    
  0.4135060    
  0.4902790    
  0.4345507    
  0.5614629    
  0.0000000E+00
  0.4941739    
  0.8662575    
   1.463361    
  0.2431682    
   1.389088    
  0.7541475    
  0.3128401    
   1.058611    
  0.7414277    
  0.7705203    
  0.2143073    
  2.9585391E-02
  0.3162153    
  0.8747748    
  0.7741222    
   1.512177    
  0.7009771    
   1.138943    
  0.8600267    
  0.4952706    
  0.3322855    
   1.350425    
  0.4023053    
  0.9208316    
  0.4380122    
  0.4172980    
  0.5206886    
  0.9615815    
   1.490397    
   1.133192    
  0.3736608    
  0.1784441    
  0.3207136    
   1.727579    
  0.7772744    
  0.3038356    
   5.112883    
  0.7423428    
  0.8359162    
  0.5832286    
   2.830106    
   1.357653    
  0.9189402    
  2.9585391E-02
  0.8918920    
   1.689214    
  0.5054594    
  0.6462294    
  0.1544054    
  0.8170621    
  0.5555022    
   1.551374    
   2.133598    
  0.4590274    
  0.4178553    
   1.569876    
  0.2028717    
  0.1758015    
   1.290833    
  0.3751775    
   1.361332    
  0.2562252    
   1.331909    
  0.4520020    
  0.5019394    
  0.5712599    
  0.6163234    
   1.902285    
  0.7911813    
  0.2141490    
  0.4090812    
  0.3428599    
   2.817776    
  0.6185875    
   1.151431    
  0.5491583    
  0.1905103    
  0.5572425    
  0.5316476    
   1.078831    
  0.9475641    
  0.3046002    
   1.326474    
  0.5136823    
   2.660896    
  0.9640836    
   3.727208    
  0.8101108    
  0.4908368    
   1.471908    
  0.7413479    
   2.438201    
  0.7960840    
   2.748417    
   2.400963    
  0.0000000E+00
  0.2633472    
   2.567566    
  0.8931023    
  0.9542288    
  0.5472490    
   1.091175    
  0.6928268    
  0.1818235    
  0.9646750    
  0.2609058    
   1.232161    
  0.8768314    
  0.2173336    
   1.546803    
   1.881724    
  0.3458661    
   1.142458    
  0.1711035    
  0.3214864    
  0.3029351    
   3.551453    
  0.6601186    
   1.222232    
   1.066634    
  0.2130306    
   3.028003    
  0.7285210    
  0.8318048    
  0.3347358    
   1.729166    
  0.5684766    
  0.1800912    
   1.311606    
   1.143406    
  0.3341387    
  0.5243759    
  0.5914296    
  0.2171671    
   1.223432    
   3.102076    
   2.157102    
   1.021117    
  0.5360407    
   2.851983    
  0.3320507    
  0.4883907    
  0.7526211    
  0.1668500    
  0.4538657    
   5.037997    
  0.8027701    
   1.776065    
  0.2611565    
   1.467399    
  0.9178483    
   4.192521    
   2.720940    
  0.1570883    
  0.7478410    
  0.4764866    
  0.5105273    
  0.4506621    
  0.8204002    
   1.769238    
  0.6465567    
  0.7278606    
  0.6347110    
   3.539157    
  0.1894371    
   2.691039    
  0.3220104    
  0.5596266    
   1.478242    
  0.4792844    
  0.6317000    
   1.023815    
  0.6103150    
  0.3118998    
  0.6978337    
  0.7631956    
  2.9585391E-02
  0.5314695    
  0.1130740    
   1.290900    
   2.021668    
  0.1930016    
   3.477396    
   1.270503    
  0.6965504    
   3.504480    
  0.4752532    
   1.256356    
  0.7602315    
  0.4361620    
   1.271729    
   2.691308    
  0.1486036    
  0.3874169    
  0.4461474    
  0.3627983    
   1.121951    
  0.3522573    
   3.599524    
   1.441938    
   1.078844    
  0.6998081    
  0.1060309    
   2.450221    
  0.3710832    
  0.3045549    
   4.086182    
  0.1240824    
  0.6083309    
  0.2210166    
  9.8731481E-02
   1.127966    
  0.2400734    
  0.1240824    
  0.2420987    
  0.1882981    
   1.516424    
   1.265453    
  0.3228891    
  0.1043714    
  0.5442330    
  0.8915923    
  0.3932065    
  0.5095614    
   1.683645    
   1.353876    
  0.2154434    
   1.577578    
   1.939201    
  0.2480189    
   9.928304    
   1.023669    
  0.7856233    
  0.3708839    
  0.4449310    
  0.5008880    
  0.5725071    
  8.4298134E-02
  0.7298118    
   1.772925    
  0.2182132    
  0.0000000E+00
  0.3793707    
  0.1401172    
  0.2736054    
  0.7426316    
   2.309750    
  0.9350708    
  0.4626742    
  2.9585391E-02
   2.744826    
  0.9660469    
  0.4828579    
   1.163316    
  0.4683007    
  0.8511001    
   1.115839    
   1.453260    
  0.3737848    
  0.3670443    
  0.0000000E+00
  0.2228024    
  0.8297815    
  0.8391175    
   2.124082    
  0.2954347    
  0.9447609    
  0.6982195    
  0.9769963    
  0.0000000E+00
  0.3258432    
  2.9585391E-02
  0.9237639    
  0.4019655    
   1.520346    
  0.2301500    
  0.5333914    
   4.623360    
  0.1539905    
  0.8642290    
  2.9585391E-02
   1.586589    
   1.432279    
  9.9941313E-02
  0.8603274    
  0.1753263    
   1.421752    
  0.9175148    
   3.772161    
  0.5486928    
   1.492349    
  0.3941112    
  0.4581993    
  0.1835776    
  0.5154420    
  0.9751713    
  0.8513132    
   2.456125    
   3.316321    
  0.2649049    
   4.680708    
  0.8111889    
   1.094868    
  0.3761167    
  0.3120046    
   1.711210    
  0.1523798    
  0.4867394    
   1.046536    
  0.7558022    
   1.192286    
  0.8141755    
  0.8964761    
   2.304567    
  0.7675025    
   3.185946    
   6.369623    
  0.4378989    
  0.5082660    
  0.8539775    
  0.6626532    
   2.284134    
  0.5736620    
   1.175967    
  0.3117860    
  0.4170737    
  0.7826440    
  0.5840028    
  0.3883610    
   1.185343    
  0.4911377    
  0.1447381    
   1.490632    
  0.9555742    
  0.6942511    
  0.6500669    
   2.687831    
  0.4369936    
  0.1346370    
  0.2696514    
   2.177969    
   1.264821    
  0.7678691    
   1.366833    
  0.5487216    
   2.296110    
   1.624888    
   1.695621    
   1.718391    
  0.2819303    
  0.2762783    
  0.4497896    
  2.9585391E-02
   1.288160    
  0.1410562    
   1.799013    
  0.4806960    
  0.1749881    
   2.249099    
  0.2627431    
   1.111081    
  0.7478728    
   3.904044    
  0.5471594    
   1.605852    
  0.2481968    
   2.580513    
  0.3276756    
  2.9585391E-02
  0.8785981    
  0.2212450    
  0.6199040    
  0.9803092    
  0.2853848    
  0.5061689    
  0.4841810    
