   1.886954    
  0.7319964    
   4.415284    
  0.3773330    
  0.4805597    
   1.205667    
  0.7609630    
  0.4387782    
  0.2484066    
  0.4558543    
   1.100025    
  0.1987599    
   1.380061    
   1.731134    
  0.7991457    
  0.3603310    
  0.1272987    
  0.4930159    
  0.5149521    
  0.2995188    
   1.131274    
  0.8300549    
  0.1641459    
   1.064914    
  0.8016002    
   1.031873    
   1.005790    
   2.941560    
  0.5367333    
  4.3400057E-02
  0.7101256    
   1.524887    
  0.5578070    
  0.9642364    
   1.473812    
  0.9000407    
  0.2288674    
  0.9285973    
  0.3720049    
   1.154948    
  0.6439821    
  0.7658389    
   1.157815    
  0.2480032    
   1.047673    
   1.003058    
  0.5588462    
   1.587620    
  0.7695019    
  0.4533125    
  0.3861396    
  0.6373867    
  0.3351906    
  0.3689133    
   1.418195    
  0.3220604    
  0.2975644    
   2.369241    
   5.310102    
  0.1319160    
  0.5365584    
   1.255350    
  0.7325581    
  0.5150960    
   2.711742    
  0.2749190    
  4.9302213E-02
   1.003058    
   1.406314    
   1.159344    
  0.5571674    
  0.3286773    
  0.3282743    
  0.7991457    
  0.2191288    
   4.771342    
  0.3957921    
  0.1966359    
  0.5006762    
  0.8040382    
  0.3123187    
   5.093113    
  8.7483250E-02
  0.9778827    
   1.154304    
  0.1185354    
  0.5129284    
  0.4710608    
  0.2493523    
  0.8034527    
   1.198719    
  0.9368906    
  2.2133509E-02
  0.5647565    
   1.728064    
   2.122290    
  0.6419569    
   1.590056    
  0.7991457    
  0.4340473    
   2.434536    
  0.9964889    
  0.2365724    
  0.3491585    
  0.6790853    
  0.1374485    
   1.667254    
  0.8138386    
  0.1950125    
   1.649464    
  0.3925507    
   1.214295    
  0.5204796    
   1.154089    
  0.3351921    
   1.005790    
  0.5700724    
   1.770301    
  0.1268106    
  0.7263109    
  0.6510708    
   1.846211    
   1.740014    
  0.7043189    
  0.4113813    
   1.089858    
  0.4715869    
  0.7991457    
   6.057905    
  0.4613374    
   2.475055    
   1.447269    
  0.2863079    
  0.1367882    
   16.41273    
   1.895393    
  0.2629419    
  0.4637670    
   2.151181    
  0.2796507    
  0.2616893    
   1.463151    
   1.325046    
   1.172041    
   1.589830    
   2.109674    
  4.9428105E-02
  0.2377247    
   1.521329    
  0.5673383    
   1.198719    
  0.4527235    
  0.4113813    
  0.1191490    
   1.274068    
   1.735458    
   1.174986    
  0.8733048    
   2.711555    
  0.5880074    
  0.5797088    
  0.5099093    
   1.303368    
  0.6992728    
  0.4028434    
  0.9234024    
  0.3909843    
  0.3720048    
   2.885992    
   2.532456    
   1.444452    
   2.144522    
  0.9232010    
  0.3144441    
   1.390370    
  0.4376203    
   1.005790    
  0.4455107    
  0.1807399    
  0.4285222    
   3.627677    
  0.9624568    
  0.6696087    
   1.957031    
   1.351000    
   1.829811    
  0.4684779    
  0.5699408    
  0.3804099    
  0.3165656    
  0.3614548    
   1.005790    
   3.455598    
   1.449180    
  0.8713580    
  0.8295578    
   1.193189    
  4.0020138E-02
  0.4189882    
  0.3743887    
  0.6567483    
  0.2576484    
   1.266788    
   2.558263    
  0.9629353    
   1.154948    
  0.6416379    
  0.7668091    
  0.9648459    
  0.5919563    
  0.3297690    
  0.2224814    
  0.6920062    
   2.995073    
  0.4492665    
   1.579494    
  0.6777078    
  0.9629215    
   1.442612    
  0.3093838    
  0.7201024    
   3.172463    
  0.9672889    
   3.116622    
  0.5814365    
  0.1888553    
  0.2100956    
   1.307360    
   1.316245    
   1.296961    
   1.399211    
  0.5432682    
   3.180896    
   5.093114    
   1.005790    
   1.274067    
  0.2083721    
  0.3104701    
   1.380002    
  0.6218716    
  0.8489991    
   1.783076    
  0.7666681    
   2.252221    
   1.664877    
   4.690870    
   1.203669    
  0.5811805    
  0.8551082    
  0.3093825    
   1.025672    
  0.7823064    
  0.8383723    
   1.535220    
  0.9379464    
  0.8097285    
  0.2606561    
   1.152043    
  0.8013895    
  0.8481141    
  0.5996101    
  0.7693928    
  0.2462189    
   1.592008    
  0.2431225    
   1.257404    
  0.2527111    
  0.1073302    
  0.9820035    
  0.4940012    
  0.5615831    
  0.1017805    
  0.5125057    
  0.5588607    
  0.1100733    
  0.2482509    
   1.156972    
  0.1953483    
  0.3283208    
   1.047673    
  0.2241147    
   1.989842    
  0.4462454    
   1.047673    
  0.6603985    
  0.4515898    
  0.4874981    
  0.4515897    
  0.6680000    
  0.6415355    
  0.3476916    
  0.9078887    
   1.510429    
  0.3105082    
  0.3260735    
  0.4843502    
  0.7103476    
   1.457512    
   1.085745    
   2.302831    
  0.3646836    
  0.7399453    
  0.9538517    
  0.5651658    
  0.5425590    
   1.437563    
  0.3634908    
  0.3842271    
   1.828938    
  0.6266595    
  0.1323091    
  0.2979010    
  0.6166211    
  0.6705105    
  0.5775692    
  0.8740907    
  0.7896634    
  0.5588464    
   1.645263    
  0.2459421    
  0.8024461    
   1.503599    
  0.6511670    
  0.5356870    
   1.494098    
  0.8833641    
   4.115112    
  0.1304806    
  0.5615831    
  0.7963759    
   1.145461    
  0.8304073    
  0.3435695    
  0.3271118    
   1.207650    
   2.151181    
   1.464910    
  0.6411607    
  0.8451825    
  0.9285973    
  0.9672888    
   3.687571    
  0.2763873    
  0.7541823    
   1.350643    
  0.3564087    
  0.5222163    
  0.5027859    
  0.4649763    
  0.4266825    
  0.5322877    
  0.1987901    
  0.5809055    
  0.3217830    
   2.935663    
  0.7040158    
  0.1523731    
   1.885155    
  0.5102025    
   4.408119    
  0.4364460    
  0.5142098    
  0.1961153    
  0.7208399    
   1.171928    
   1.524887    
  0.6412800    
  0.7399454    
   1.231072    
  3.7150200E-02
   1.945149    
  0.8132731    
   2.504183    
  0.4249246    
   4.665775    
   2.124370    
  0.5615979    
  0.1111318    
  0.9989322    
  0.1100786    
   1.267774    
   3.683801    
   6.682650    
  0.5133103    
   1.108132    
  3.7352297E-02
  0.3477500    
  0.3926063    
  0.7019973    
   2.587506    
  0.2782001    
  0.8209041    
  0.7738311    
  0.8216842    
  0.8013896    
  0.2801373    
   1.324859    
   2.078576    
  0.8159630    
  0.3220604    
   1.134312    
  3.1801570E-02
  0.9262521    
   1.450933    
  0.5797088    
  0.6506186    
  0.8740909    
   1.111503    
  0.6510710    
  0.6550272    
  8.7393738E-02
   1.270096    
  0.9201709    
  0.9427279    
  0.6374823    
   1.385938    
   3.398466    
  0.8547616    
   1.678881    
   2.028780    
   2.053370    
  0.2685623    
   7.390477    
  0.6440803    
  0.8107449    
   1.127987    
  0.1656584    
  0.4845303    
   1.895393    
  0.8132494    
   1.270096    
  6.7158580E-02
  0.4661818    
  0.3505855    
  0.7823064    
   1.457154    
  0.5145845    
  0.8236380    
  0.5344000    
   1.325046    
   3.894754    
   1.437503    
  0.5652493    
  0.3711111    
   3.730953    
  0.7091730    
  0.9716744    
  0.9905976    
   1.624414    
   1.061249    
  0.5594181    
   3.069834    
  0.3725742    
   1.214593    
  0.8740907    
  0.7856030    
   2.098601    
   1.131274    
   1.109918    
  0.4710608    
  6.1692547E-02
  0.9285975    
  0.2976038    
   1.250046    
  0.5463914    
  7.0564851E-02
   1.648256    
   1.955053    
   5.298339    
   2.981354    
  0.5151855    
   1.005790    
  0.6777276    
  0.3899984    
   2.263606    
  0.9201710    
  0.4145811    
  0.1641458    
  0.1119509    
   1.319571    
   1.387397    
  0.5409169    
  0.6419569    
  0.3421523    
  0.5042582    
   1.444403    
   1.450012    
  0.5566666    
  0.3621789    
  0.8187841    
  0.6056628    
  0.7668092    
   1.037568    
  0.5324084    
  0.9506349    
   1.867344    
  0.5539922    
  0.2001838    
   1.433477    
   3.730953    
   11.19176    
  0.5539922    
   1.059887    
  0.5028425    
  0.1108233    
   2.036293    
   1.047864    
   1.741120    
   1.791845    
   1.296766    
   2.636838    
  0.5590971    
   1.388412    
  0.4201155    
  0.3768487    
  0.7636406    
  0.4163958    
  0.2694629    
  0.1185886    
  7.3305897E-02
  0.7827874    
   1.002559    
   2.132091    
  0.6961107    
  0.6746085    
   2.744717    
  0.7693340    
  0.3298268    
  0.1871565    
   1.558104    
  0.3369230    
   2.385084    
  0.2183640    
  0.4656321    
   2.404992    
   2.455868    
   2.916415    
   2.861695    
   1.060037    
  0.2208234    
  0.7718767    
  0.1666978    
  0.9060330    
  0.4346145    
  0.6513516    
  0.1583407    
   1.152043    
  9.1797337E-02
   1.003058    
  0.3726100    
  0.6303091    
  0.1526476    
   1.503000    
  0.4704060    
  0.4285496    
   1.198719    
  0.5180992    
   1.157815    
  0.2626194    
  0.1503137    
  0.7713147    
  0.4036511    
   1.842265    
  0.6751257    
  0.6601631    
  0.7263111    
  0.5866798    
  0.2602655    
  0.5130239    
  0.1724833    
  0.3688579    
  0.1746911    
  0.1716184    
  0.7240149    
   2.807622    
  0.3388873    
  0.1867581    
  0.1609954    
  0.7563871    
  0.4044395    
   1.203669    
   1.198719    
  0.4558545    
  3.0291282E-02
  0.2199353    
  0.7991457    
   1.407890    
   1.391213    
   1.005790    
  0.6948773    
  0.8309885    
  0.3926063    
  0.5458562    
   1.087677    
  0.4518184    
  0.6773846    
   1.821889    
  0.2097230    
   1.563872    
  0.8050997    
  0.5800922    
   1.304688    
  0.3093825    
  0.6957036    
  0.9759277    
  0.1320943    
  0.3729454    
   2.857717    
   5.336258    
  0.8488565    
  0.1325066    
   1.104049    
  0.4022286    
   1.444383    
  0.4842075    
   1.833838    
   1.114317    
   1.160747    
  0.6204686    
  0.7856029    
  0.1908095    
  0.6416379    
   3.045565    
   4.421874    
  0.3140274    
   2.455867    
   1.389378    
   1.203669    
   5.384518    
  0.9758993    
   1.736723    
   1.597372    
   1.104049    
  0.7648639    
  0.4654703    
  0.3012034    
   1.359591    
   1.188717    
  0.8547270    
  0.2291376    
  0.9249317    
  0.6984480    
  6.7629039E-02
   2.223823    
   1.656004    
  0.7713147    
  0.4935765    
  0.2564780    
   1.755782    
   2.347821    
   1.054075    
   1.735515    
  0.3249901    
  0.7416671    
   1.433477    
   1.636988    
   3.186555    
  0.2689939    
  0.7738311    
  0.6158745    
  0.5579332    
   1.767615    
   1.013783    
   1.319572    
  0.9661203    
  0.8207147    
  0.8797140    
  0.9379466    
  0.4710608    
  0.2893649    
  0.5208569    
  3.4461152E-02
  0.2621537    
  0.3939849    
   3.732620    
   1.103040    
   1.003058    
   1.279350    
  0.9285973    
  0.8385185    
  0.3073818    
  0.3351906    
  0.6695197    
   1.270739    
  0.5437251    
  0.8391273    
  0.9980398    
  0.4695459    
  0.9716744    
  0.5133103    
   2.200606    
  0.4498492    
  0.8353364    
  0.5916191    
  0.8087010    
  0.4088898    
   2.726669    
  0.2085972    
   1.252999    
   3.323180    
  0.2110891    
   2.165183    
  3.2952074E-02
  0.1460859    
  0.7305247    
   1.413731    
  0.5818378    
   2.352667    
  0.6687278    
  0.7240117    
  0.5152642    
  0.2597421    
  0.7713147    
  0.3603310    
  0.1215830    
   1.012161    
   1.508124    
  0.6052590    
   1.099643    
   1.263595    
   1.005790    
   1.004413    
   1.984525    
  0.3912882    
  0.8159627    
   1.002399    
  0.5027859    
   1.213052    
   1.385104    
   3.607490    
  0.1063904    
  0.3088344    
  0.3880267    
  0.3899881    
   1.357528    
  0.3491569    
   1.064966    
   1.111503    
  0.9619579    
   1.833839    
   2.000705    
   1.043791    
  8.7970532E-02
   1.320598    
  0.1521654    
  0.6747740    
  0.1852114    
   3.147453    
  0.2431222    
  0.4498492    
  0.4691809    
  0.7278803    
   1.880440    
  0.9732317    
  0.4041945    
   1.331902    
   1.203669    
  0.3743986    
  0.8832015    
  0.5766720    
   1.005790    
  0.1653354    
  0.9624568    
  0.7519913    
   2.716799    
   5.710433    
   1.160747    
  0.7580770    
   1.207650    
  0.3234063    
   2.692403    
   1.880439    
  0.4874981    
   1.005790    
   1.142573    
   6.731904    
   1.003058    
   1.520146    
  0.7718768    
  0.3842270    
  0.4947401    
  0.2897430    
  0.4289774    
   1.946268    
  0.5087210    
   2.729295    
  0.7360014    
  0.7991457    
  0.6673249    
  0.1656333    
  0.2069476    
  0.3688580    
  0.4058470    
   2.264344    
  0.7991457    
  0.4851097    
   1.449180    
   2.151180    
   1.089858    
  0.5909775    
   1.203071    
   1.005790    
  0.6245937    
   2.504184    
  0.4842073    
  0.1796702    
  0.5427930    
  0.3420159    
  0.8549111    
   1.584718    
   1.002559    
  0.8024461    
  9.1128387E-02
  0.6190649    
  0.3710139    
  0.9457174    
  0.5035543    
   14.83209    
  0.6182231    
  0.9285974    
  0.5433596    
  0.1204933    
  0.6773848    
   1.665980    
   3.394991    
  0.4202058    
  0.9960657    
   2.089344    
  0.8035305    
  0.3878919    
   1.063759    
  0.4802286    
   1.741120    
  7.5908035E-02
  0.2561513    
  0.7639056    
  0.4826766    
  0.9971862    
  0.2282591    
   1.329511    
  0.9427280    
   1.994549    
   5.808185    
  0.9641749    
  0.2478529    
  0.1519672    
   1.198719    
  0.9657125    
  0.3472379    
  0.6439821    
  0.2051823    
   2.301582    
   2.802626    
   2.484005    
  0.4122113    
  0.9234022    
   1.016077    
  0.7699655    
  0.3233556    
  0.3718712    
  0.8024461    
   1.109918    
  0.8701423    
  0.9629353    
  0.8820112    
  0.3798786    
  0.4560578    
  0.8705740    
   1.893520    
   2.382566    
   4.413926    
  0.8451828    
  0.1793767    
  0.2470675    
   1.494098    
   4.796615    
  0.4279652    
  0.6761461    
  0.4046717    
   1.759863    
   1.803600    
   2.281994    
  0.2234604    
  0.6837816    
   1.649464    
   1.320598    
  0.5145845    
  0.7738310    
  0.9560800    
   2.347821    
   1.198719    
  0.4428841    
   1.005790    
  0.4710608    
  0.7699655    
  0.2484498    
  0.6640438    
   2.846003    
  0.9629353    
  0.9427237    
  0.4145811    
  0.2475060    
  0.3714975    
  0.1432332    
   1.735458    
  0.2971558    
  0.9648459    
   1.385938    
  0.5033711    
  0.2629418    
   4.126137    
  0.3754750    
  0.5142098    
  0.5588463    
   2.353248    
  0.3662782    
   1.289841    
  3.7903905E-02
   3.378332    
  0.2259248    
  0.1168630    
   1.205296    
   1.114317    
   2.112227    
   1.082016    
  0.9989322    
  0.8034240    
   1.214593    
  0.9641432    
  2.6985493E-02
  0.7251182    
  0.1059203    
  0.8549117    
  0.3088345    
  0.8477487    
   1.699496    
   3.260655    
  0.4465432    
  0.3098161    
  0.6166211    
   1.154948    
  0.6576401    
  0.8662938    
  0.9239587    
   1.125665    
  0.2371848    
  0.3119907    
   1.256770    
  0.8423967    
  0.6957036    
   1.005790    
  0.4924114    
  0.5922920    
   1.318604    
  0.3259331    
  0.8180647    
   1.220758    
  0.5356527    
   1.661888    
   1.325046    
  0.3926063    
   1.504637    
   2.622878    
  2.4922846E-02
   1.156972    
   1.000987    
  0.6986436    
  0.6416379    
   1.964747    
  9.3839064E-02
  0.9050146    
  0.5909775    
  0.8863404    
  0.4932968    
  0.2282481    
  0.7991457    
  0.1497016    
  0.3091780    
  0.5792120    
  0.8383725    
   1.878400    
   1.299531    
   1.134861    
  0.2777903    
   2.307763    
  0.6419569    
  0.8024735    
  0.5615978    
  0.1788661    
   1.156972    
   1.629027    
  0.7713147    
   1.463892    
   1.197919    
  0.1266726    
  0.6419569    
   2.829999    
  0.3092591    
  5.6076396E-02
  0.6680260    
  0.8370107    
  0.6156015    
   2.121138    
   1.109918    
   5.798896    
  0.5578068    
  0.9023895    
   2.743408    
  0.1900846    
  0.2474073    
  0.5770752    
  8.0578245E-02
  0.1535108    
   2.995072    
   1.923993    
  0.4883721    
  0.7699655    
  0.6505995    
   2.862101    
  3.1801555E-02
   1.109339    
   1.587620    
  0.1005618    
   1.841265    
   3.895777    
   1.309796    
  0.1322599    
  0.2924679    
   1.388412    
   2.195837    
   1.005790    
  0.3093825    
  0.5501359    
  0.6961139    
  0.7361369    
   1.203071    
  0.4448831    
  0.8479095    
  0.4906676    
  0.7971913    
  0.1556736    
   3.408337    
  0.8432601    
  0.6377530    
   1.006222    
   1.878750    
  0.4883720    
  0.6436899    
  0.6605582    
  0.7395595    
   1.946955    
  0.3773330    
  0.3769021    
  0.2234604    
   1.089467    
  0.8381382    
   1.974316    
  0.2918771    
  0.7276642    
  0.2844551    
   1.897335    
   1.662124    
  0.9964891    
  0.8847688    
  0.3032536    
  0.6131956    
   11.65808    
   1.012689    
  0.3729455    
   1.990730    
   2.027738    
   1.567331    
   1.203669    
  0.5699406    
  0.1967242    
  0.5421664    
  0.6639442    
   1.728064    
  0.1907763    
   1.637245    
  0.5798840    
  0.6423135    
   1.125051    
  0.8365037    
   2.260625    
  0.7240117    
  0.1014436    
  0.7703374    
  0.1398153    
   1.005790    
  0.9989322    
  0.9379466    
  0.5253787    
   1.592945    
   1.446800    
  0.2333974    
  0.1081026    
  0.3355677    
  0.7312281    
   1.662124    
  0.8391271    
   1.307829    
  0.4033978    
  0.9262521    
  0.2879035    
  4.5057092E-02
   1.571756    
  0.6245940    
  0.3103135    
  0.6961136    
   1.885155    
   1.876168    
   1.173459    
   1.914767    
   1.954343    
  0.7265719    
  0.3423721    
   1.570962    
   1.229381    
  0.8732209    
  0.3167069    
  0.8718863    
  0.5281307    
   2.124370    
   1.005790    
  6.4923897E-02
  0.5142098    
  0.1648949    
   4.327054    
  0.9758994    
  0.6042655    
  0.3454843    
  0.3865740    
  0.7019972    
   1.444452    
  0.5623115    
  3.9623316E-02
  0.2460466    
   2.431800    
   1.909928    
  0.1125809    
  0.6011201    
  0.3005094    
  0.5812575    
  2.7043009E-02
  0.3119906    
  0.2975359    
  0.1144247    
   1.171928    
  0.2574275    
   11.34581    
   1.245611    
   1.373546    
   1.098837    
   3.259280    
  0.2441854    
  0.2681537    
  0.4040540    
  0.2777903    
  0.8353329    
  0.3333808    
   1.080153    
  0.4924811    
  0.4679982    
  0.8451826    
  0.2265247    
   1.493204    
   1.271864    
   2.256527    
   1.005790    
  0.5790644    
   1.198719    
   1.156972    
  0.3873659    
  0.5045313    
   1.595412    
  0.9244493    
  0.6987655    
   1.907797    
   1.267774    
   1.810885    
  0.3689132    
  0.1555983    
  0.5006761    
  0.8110264    
  0.9368907    
   1.508124    
  0.4657624    
   1.397241    
  0.7713147    
  0.1437788    
  0.9629353    
   2.823898    
   1.776245    
  0.4851096    
  0.9001278    
   1.516275    
  0.3100040    
  0.3754750    
  0.6777078    
   1.897801    
  0.6790853    
   2.418452    
  0.8034792    
   1.516314    
  0.1796702    
  0.2051824    
   2.587506    
  0.3800482    
  0.3723764    
   1.114317    
  0.4548801    
  0.5916191    
  0.8132732    
  0.5322879    
   1.333803    
   1.570962    
  0.2384411    
   2.185731    
  0.6552334    
  0.7013038    
  0.5652730    
  0.6263715    
  0.4924114    
   1.883154    
  0.4728028    
  0.5585642    
   1.883855    
   1.269378    
  0.3693282    
  0.8803986    
  0.2583024    
   1.463849    
  0.8150393    
  0.3493479    
   1.579494    
  0.5027859    
  0.1423276    
  0.3773329    
  0.8766294    
   1.335798    
  0.6986437    
   1.042577    
  0.7277540    
   1.047837    
   1.385938    
  0.7361367    
  0.3881354    
   1.954832    
   1.104002    
  0.7043188    
  0.2673747    
  0.1918886    
  0.9989322    
  0.7333496    
  0.9624568    
  0.2302663    
  0.1602717    
  0.5644871    
  0.4848648    
   1.570963    
  0.4190355    
   2.607422    
  0.3957070    
  0.7399454    
  0.1112132    
  0.7703744    
  0.1066048    
  0.6795026    
  0.6773847    
   1.866506    
  0.2901200    
   1.417890    
  0.8299305    
  0.5882880    
  0.6686957    
  0.1245055    
   1.086022    
  0.7856065    
   1.620958    
  0.7395594    
  0.7066913    
  0.3040384    
   1.061723    
  0.5730582    
   1.443685    
   2.302830    
  0.6513517    
  0.2897917    
  0.8007898    
   1.264890    
  0.5133104    
  0.9629354    
  0.9285973    
  0.2813017    
  0.8644116    
   1.244337    
   1.112970    
  0.4826767    
   3.293661    
   2.036283    
  0.1118023    
  0.3860429    
  0.7103477    
  0.4286814    
   1.134818    
  0.4378155    
   1.518241    
   1.043791    
  0.8863406    
  0.4932969    
  0.5035545    
   1.829865    
  0.3092592    
  0.9778830    
  0.2152520    
   1.696902    
  0.3208718    
  0.2483827    
  0.2061729    
  0.2156043    
  0.4710609    
  0.6739175    
   2.043213    
   1.664877    
   11.21573    
   1.131269    
  0.2843281    
  0.6477827    
  0.7452797    
  0.1433043    
   1.136402    
  0.2156307    
   1.205179    
  0.6605582    
  0.3200455    
  0.8832392    
   2.496013    
  0.2532525    
   10.89198    
  0.5634550    
   1.205219    
  0.9201710    
  0.9232712    
   1.172433    
  7.7640526E-02
  0.7065913    
   1.231356    
  0.7636405    
   1.946268    
   1.043791    
  0.3688580    
  0.3151433    
   2.635006    
  0.4028435    
  0.2708251    
  0.4749506    
   1.883855    
  0.2307913    
  0.2470675    
  6.4133853E-02
  0.5647565    
   1.016077    
  0.1824812    
  0.4651490    
  0.8097287    
   2.659115    
   1.005790    
   2.544717    
   2.212885    
   1.984525    
   1.052996    
  0.1793766    
  0.1663950    
   1.661762    
  0.6427622    
   1.257969    
  0.7541789    
  0.3878919    
   1.565213    
  0.8128615    
   1.104049    
  0.3850461    
  0.2502298    
   1.231072    
  8.8351123E-02
  0.6783277    
  0.7738311    
  0.4468516    
  0.2980592    
   1.005790    
  0.6696087    
  0.4500838    
  0.2983564    
  0.2909640    
  0.4492783    
  0.3562807    
  0.2976038    
  0.3748742    
  0.8034527    
   1.108083    
   1.755781    
   5.263098    
  0.1332559    
   1.203669    
  0.5356870    
  0.6252977    
   1.231356    
   1.157440    
  0.6739175    
  0.9427233    
   2.636838    
  0.2370458    
   1.443685    
   1.154253    
   2.655462    
  0.5324084    
   1.324859    
   1.154948    
   2.373488    
   1.005766    
  0.3881353    
  7.2860830E-02
   1.569295    
  0.4500838    
  0.6448593    
  7.3953368E-02
  0.3580277    
   1.476969    
  0.3103136    
  4.7092076E-02
  0.4364460    
  0.2021689    
  0.4657176    
  0.1491020    
  0.6837816    
  0.6252978    
  0.5133103    
  0.4042580    
  0.4710410    
   2.947404    
  9.3045145E-02
  0.1888553    
  0.2223281    
  0.6416379    
  0.4661818    
  0.9617410    
   1.270702    
  0.9758993    
  0.5391339    
   1.524843    
  0.7823064    
  0.6506186    
   1.198719    
   1.016591    
   1.361833    
  0.2873279    
   1.656308    
  0.5419078    
  0.1523732    
  0.7738311    
  0.5421664    
  0.4906884    
  0.9600355    
  0.9475963    
  0.3714449    
  0.7399454    
   1.555421    
   1.003805    
  0.2891553    
   1.197919    
  0.5810488    
  0.5204949    
  0.7699654    
  0.1989042    
   1.203669    
   1.005790    
  0.1237846    
   1.270739    
  0.2918769    
   1.131274    
   1.156972    
  0.2102184    
   1.005790    
   1.266789    
  0.7699654    
  0.4530017    
  0.2226371    
   1.725003    
  0.8884376    
   1.126312    
  0.7728964    
  0.4887302    
   1.100498    
  0.4108465    
  0.9989322    
  0.5590125    
   1.058414    
  0.4507641    
  0.3234064    
  0.1466234    
  0.4932970    
  0.5142098    
  0.4455109    
   3.676811    
  0.2579478    
   1.667254    
  0.4637670    
   1.464910    
  0.7124259    
  0.7065913    
  0.5888011    
  0.6294430    
  0.2118410    
  0.9609479    
  0.9989322    
   1.549673    
  0.5027858    
  0.1940821    
  0.4947400    
  0.1431380    
  0.8892022    
  0.1711316    
  0.6158741    
  0.4560578    
  0.4337329    
  0.1889638    
   1.569395    
   1.807944    
  0.8024461    
  0.4611413    
  0.4034910    
  0.7419508    
   14.26411    
  7.6340236E-02
  0.6419569    
   1.503599    
   1.127987    
   1.923136    
  0.3957922    
  0.5792093    
  0.9057950    
  0.2156683    
   1.003058    
   1.464910    
   1.568445    
  0.4022305    
  0.1903511    
  0.4249880    
  0.8350329    
  0.5135829    
  0.1724880    
  0.5909775    
   2.885325    
  0.7353598    
  0.5370415    
  0.4940012    
   1.160747    
   1.270702    
   1.997853    
  0.1165128    
   1.629027    
   1.131268    
   1.017491    
   4.878491    
   1.633761    
   3.665723    
   1.048148    
  0.9629353    
  0.2981852    
   2.861152    
   2.277362    
  0.1542207    
  0.1460788    
  0.1217382    
  0.1610672    
  0.5581791    
   1.254755    
   1.056478    
  0.1932107    
  7.7640511E-02
  0.3561732    
   2.820659    
  0.5366517    
   1.256770    
  0.1350680    
   1.198719    
  0.7553315    
   1.662124    
  0.7066913    
   1.005790    
   3.081902    
  0.9629354    
  0.3337222    
   2.587506    
  0.6984481    
  0.7713401    
  0.5610427    
  0.8034527    
  0.3614441    
  8.2400516E-02
  0.4842074    
   1.867344    
   1.157815    
   2.634929    
  0.1245054    
  0.4840877    
  0.2949539    
  0.4891102    
  0.7251184    
  0.4559525    
  0.6166212    
  0.3622395    
   1.005790    
  0.3571018    
   1.108083    
  0.6432306    
   3.070212    
  0.3543070    
  0.8467309    
  0.2965888    
   4.145095    
  0.4710409    
  0.8715732    
  0.1890960    
  0.3539447    
  0.5245359    
   5.304674    
   2.818126    
   1.156165    
  0.4468517    
  9.5826656E-02
  0.5922919    
  0.2992229    
   1.382452    
   1.171928    
  0.3773328    
   6.764040    
   1.905144    
  0.8087010    
   1.005790    
  0.2061809    
  0.6284823    
  0.9201710    
   2.702666    
  0.2579968    
  0.4163837    
   1.656073    
   3.230884    
   1.087677    
  0.1723963    
  0.3939850    
  0.5252576    
  0.5844198    
  0.1358359    
  0.5003702    
   1.792919    
  0.1966360    
  0.8892021    
  9.9606521E-02
   1.440053    
   1.581114    
   1.503599    
  0.1055328    
   2.995216    
   1.631510    
  0.6419786    
  0.3334920    
  0.9387675    
   1.172433    
  0.3714448    
  0.4166854    
  0.2498548    
  0.4640738    
  0.2573619    
  0.6419569    
  0.3436488    
  0.3844479    
  0.9835045    
  0.9766065    
  0.8879344    
   1.357528    
  0.6506185    
   2.651711    
  0.2242208    
   2.708217    
  0.4177729    
  0.7510139    
  0.4364479    
   1.135268    
   1.590056    
   2.321713    
  0.2476650    
   1.645306    
  0.5653530    
  0.4650061    
  0.2188988    
  0.7541786    
  7.3437877E-02
   1.182102    
   12.63607    
   3.607488    
  0.9641433    
   2.878539    
  0.7043188    
  0.2333976    
  0.1984026    
  0.1716184    
   2.897318    
   1.524842    
  0.4679982    
   1.255903    
  0.9379465    
  0.5652731    
  0.3018663    
  0.8353363    
  0.3903983    
  9.2352748E-02
  0.4926994    
  0.1987599    
   1.178410    
   1.270702    
   1.296960    
   1.265201    
  0.4679982    
  0.4366848    
   4.042977    
  0.4826768    
   2.114976    
  0.3655496    
  0.2172887    
   1.005790    
   2.599888    
   2.488413    
  0.5030611    
  0.1093076    
  0.4028435    
   1.789783    
   4.640728    
   1.016591    
  0.3714974    
  0.2935814    
  0.4498492    
  0.3790668    
   1.054884    
   1.005790    
  0.4656322    
  0.2970073    
  0.1335022    
  0.6217190    
  0.7410017    
  0.4002964    
   1.132998    
  0.2070416    
  0.2245525    
  0.5182263    
  0.4836521    
   1.821889    
  0.1241136    
   2.281011    
   3.081901    
   1.018628    
  0.1447028    
  0.7066913    
  0.3612718    
  0.2512219    
  0.9200407    
  0.6481207    
  0.6477827    
  0.9249316    
   4.951365    
  0.2583201    
  0.4851693    
  0.6266593    
  0.2457949    
   2.259118    
  0.4285496    
  0.1796923    
  0.3140406    
  0.6564302    
   2.917725    
  0.8034792    
   1.359597    
  0.3413461    
  0.5314611    
  0.3844479    
  0.2880537    
   2.339155    
  0.3557771    
  0.4113531    
  0.2241701    
  0.2360691    
  0.4718770    
  0.4647242    
  0.7821609    
  0.4522185    
  0.4679981    
  0.5043826    
  0.4211538    
   1.565625    
   1.705463    
  0.9463480    
   1.271865    
   9.501556    
   2.701684    
   2.046610    
  0.3949260    
   1.098837    
  0.7703372    
  0.2512218    
  0.1899590    
   1.172433    
  0.9399891    
  0.7353598    
   1.387398    
  0.9641433    
   1.100498    
  0.4924811    
  0.7680287    
  0.4114748    
  0.1431812    
  0.8370110    
   1.630431    
  0.4431940    
   3.952508    
   1.569878    
  0.1545556    
  0.6974644    
  0.5821471    
  0.5253786    
  0.9791554    
  0.1716175    
  0.4471320    
   1.126312    
   1.760485    
   2.170199    
   1.353585    
   2.943522    
  0.7991457    
  0.6647908    
  0.6840867    
   1.637289    
  0.4243920    
   2.573426    
  0.2884890    
   1.005790    
  0.8382697    
  0.9280078    
  0.3364792    
   1.369734    
  0.6795025    
  0.9149960    
  0.8187843    
  0.2781533    
  0.3598794    
   3.430897    
  0.3571018    
  0.7991457    
  0.8833642    
   2.334529    
  0.6777078    
  0.6313347    
  0.5364085    
   1.387398    
   7.572387    
  0.2638614    
   2.350883    
   1.350798    
   1.363683    
   1.154948    
  0.4812745    
  0.4500838    
  0.9285973    
   3.895051    
  0.3469965    
  0.3127873    
   1.000987    
   1.137313    
   1.091631    
  0.5149521    
   1.911101    
  0.1167197    
  0.8558319    
   1.397399    
  0.7043188    
  0.6519218    
  0.8721545    
  0.7325582    
   1.740015    
  0.8024461    
  0.6623968    
  0.9163692    
  0.4205992    
  0.4279857    
   1.045630    
  0.1380037    
   1.350643    
  0.3200455    
  0.1688713    
   1.257207    
  0.6709166    
  0.3549388    
  0.5615979    
  0.6288265    
  0.1063904    
   1.994267    
  0.5158874    
   1.207650    
  0.4661818    
  0.2668642    
  0.5928014    
  0.4802286    
  0.4022305    
  0.9759279    
  0.3255814    
   1.351575    
  0.9624568    
   1.450933    
  0.2517246    
  0.1776622    
   1.005790    
  0.6374819    
  0.4266824    
  0.6505995    
  0.2223281    
   2.254500    
  0.5615978    
  0.5343004    
   1.473012    
  0.3128958    
   1.091496    
  0.5610428    
   2.467959    
   2.258561    
  0.9399890    
  0.9641432    
  0.9432395    
  0.7410017    
  0.4351801    
  0.2365723    
  0.8051000    
  0.8097287    
  0.6162699    
  0.9095808    
  0.3043275    
  0.1922432    
   1.214593    
   1.556352    
  0.8510075    
  0.9989322    
  0.4424311    
  0.6428244    
   2.121138    
  0.7785852    
   1.112971    
  0.2914087    
   1.005790    
  0.1004111    
  0.5797089    
  0.1722244    
   1.063760    
   1.005790    
   4.479144    
   4.674061    
  0.9641433    
   1.005416    
  0.4166854    
  0.7240115    
  0.1899735    
  0.5204797    
   2.087667    
   1.329699    
  0.1902159    
  0.6777276    
   1.155342    
   1.309590    
  0.8479096    
   1.005790    
  0.3311978    
   2.711743    
  0.2069476    
   1.637731    
  0.4337457    
  0.3548585    
   1.595413    
  0.5344001    
   1.271865    
  0.4453334    
   1.662124    
  0.9766064    
  0.3740285    
  2.9995751E-02
  0.3237373    
   2.824535    
  0.8689125    
  0.5566885    
   1.005790    
  0.8879344    
  0.2510029    
   1.005790    
  0.2238010    
   1.323017    
  0.1668778    
  0.9399890    
   1.446215    
  0.4096153    
   6.175793    
  0.1388083    
  0.7718767    
  0.6419569    
  0.3867298    
   1.014219    
  0.2082124    
  0.7991457    
  0.1406957    
  0.9759281    
   2.726669    
  9.7390547E-02
   1.198719    
   1.331902    
   1.504565    
  0.6218716    
  0.1432333    
  0.8547271    
  0.9989322    
  0.9641433    
  0.2802021    
  0.8391274    
  0.6807096    
   1.219292    
  0.4464056    
  0.4377145    
  0.1103720    
  0.2894076    
  0.6917118    
  0.8688140    
   1.054334    
   3.004899    
   1.325046    
  0.6419787    
  0.9661199    
  0.9583353    
   2.942429    
  0.2300244    
  0.9629353    
   1.155562    
   3.540068    
  0.6063870    
  0.4845306    
   1.005790    
  0.1771713    
   1.521329    
   1.111502    
  0.7510141    
  0.8014507    
  0.1907763    
  8.4865801E-02
  0.6015930    
  0.5370414    
  0.3729453    
  0.1708658    
  0.7803471    
  0.6008112    
  0.6245938    
  0.6982055    
  0.2998259    
  0.7248262    
  0.5083310    
  0.8451826    
   1.082867    
   1.220758    
  0.2901201    
  0.2480032    
  0.4613375    
   1.634200    
  0.5133103    
   2.181336    
  0.5888261    
   7.477153    
  0.4342345    
   1.005790    
   5.525702    
   1.408388    
   1.282091    
  0.4907579    
   1.160747    
  0.7567450    
  0.3571246    
   1.464910    
   4.038606    
  0.3317491    
   1.110547    
  0.3342184    
   1.044166    
  0.2566975    
  0.2507413    
  0.9908373    
  0.1490551    
   1.017492    
  0.7399454    
  0.2874979    
   1.392896    
   2.573425    
  0.2053579    
  0.9624568    
  0.7125903    
   3.119867    
  0.7991457    
   1.946268    
  0.2440409    
  0.4346876    
  0.5864761    
  0.5938251    
  0.3925507    
   1.309796    
   1.671475    
  0.9581178    
   1.202084    
  0.2254705    
  0.8209043    
  0.4376204    
  0.4500836    
  0.3743986    
  0.4096152    
   1.669388    
  0.3123186    
  0.8205382    
  4.0762134E-02
  0.4650061    
  0.4464056    
   1.204338    
  0.9641433    
  0.6170720    
  0.8187847    
  0.4122835    
  0.3562666    
  0.8132494    
  0.7718768    
  0.9454637    
   3.429260    
  0.5849977    
   1.003058    
  0.8727569    
  0.5439752    
  0.5916190    
  0.8383725    
   1.257559    
  0.4110807    
  0.3844480    
  0.7059456    
  0.3491569    
  0.3565872    
   1.048909    
   1.676879    
   1.444403    
  0.3646835    
  0.1319159    
  0.4688371    
  0.7251151    
  0.8477486    
  0.7541788    
   1.571509    
  0.9387677    
  0.8705738    
   1.882134    
   1.021064    
   1.171113    
  0.6064615    
  0.6322995    
   3.881258    
  0.3342184    
  0.1831771    
  0.7272973    
   3.654931    
  0.8790697    
   1.325046    
  0.9063978    
   1.643680    
  0.6546690    
  0.4657052    
  0.6746082    
   8.455050    
  0.6116168    
  0.1448592    
   1.046263    
  0.4706304    
   1.331902    
  0.9989322    
   1.154001    
   1.557014    
  0.3729454    
   1.198719    
  0.3693282    
   1.459847    
   1.958792    
  0.1218907    
  0.2607465    
  0.8024461    
   1.198719    
  0.2339089    
   1.595639    
  0.7636407    
  0.4021282    
   7.363895    
  0.3148834    
   1.895393    
  0.5811803    
  0.5427931    
  0.5579717    
   6.113729    
  0.1098477    
  0.2228123    
   1.364371    
   1.380061    
   1.516275    
  0.1125809    
   1.016077    
   1.005790    
  0.6162699    
  0.8047386    
  0.9285973    
   2.861574    
   1.080514    
  0.5888261    
  0.6134473    
   1.866506    
  0.8595870    
   1.005790    
  0.7699655    
  0.9851224    
   1.215227    
   1.005790    
   1.519033    
   1.689782    
  0.3363759    
  0.7968525    
   1.174986    
  0.5792120    
   1.104205    
  0.5092705    
  0.9989322    
  0.9096920    
  0.3434572    
  0.7204256    
  8.4677808E-02
  0.6747739    
  0.6510709    
  0.7713399    
  0.8774737    
  0.6513516    
  0.1431811    
  0.8097286    
  0.8471349    
  0.7361367    
   1.331143    
  0.1535486    
  0.4616601    
  0.6738997    
   1.154948    
   1.509071    
  0.2068757    
  0.1555983    
  0.3362551    
   1.109339    
  0.2083721    
  0.4633696    
  0.7968521    
   1.364538    
   3.262527    
   2.497787    
  0.2882649    
  0.5215376    
  0.4457972    
  0.1657535    
   1.157815    
  0.2893648    
  0.3869217    
   1.158854    
  0.3103135    
   1.503599    
  0.5699407    
   2.166677    
  0.2037540    
  0.3406642    
  0.7091730    
  7.4534856E-02
   1.385103    
  0.3200455    
  0.8864663    
  0.2170543    
  7.1882285E-02
  0.3450367    
  0.7204255    
   2.403920    
  0.6042652    
   1.005790    
  0.5581791    
   1.446215    
  0.6093726    
  0.7967331    
   1.025894    
  0.9641433    
  0.2607465    
  0.9262521    
   1.105962    
  0.9780471    
  0.8349999    
  0.3039030    
  0.6815453    
  0.8879346    
  0.6218077    
  0.4072750    
  0.3217844    
  0.1609954    
  0.5888011    
  0.7360014    
   1.174986    
   1.254755    
  0.4500838    
   1.198719    
   3.823866    
   1.125536    
   1.124269    
   1.662124    
   1.252549    
  0.1186567    
   2.558195    
   2.164321    
  0.9477609    
  0.8020474    
   1.203669    
   1.384907    
  0.4733182    
   5.610140    
   1.363683    
  0.8489992    
  0.6042652    
   2.597286    
  0.5006761    
  0.5566882    
   1.901662    
  0.6245937    
  0.7345937    
   2.830000    
  9.7259037E-02
  0.2742543    
  0.4042579    
  0.6992726    
   1.111503    
  0.7056089    
   1.324858    
  0.2607465    
  0.9835046    
  0.9624568    
  0.3623650    
   1.392896    
  0.5344207    
  0.1807400    
  0.4000569    
   1.895393    
  0.1744596    
  0.4426295    
   4.050151    
  0.8034527    
  0.7991457    
   1.267228    
  0.5092705    
   1.005790    
  0.3228050    
   2.015376    
   1.014219    
  0.8715734    
   1.359103    
  0.7718768    
  0.4204141    
   2.388877    
   1.380257    
  0.4340473    
  9.5622241E-02
  0.8732206    
   1.098837    
   2.256956    
  8.2436591E-02
  0.6419476    
   1.100498    
  0.9285974    
  0.6427622    
  0.3571246    
   1.263562    
  0.7416670    
  0.8369573    
  0.1112133    
   1.208343    
   1.392896    
  0.3939292    
  0.1221580    
  0.1707931    
   1.181575    
   1.091631    
   3.164206    
  0.8688180    
   7.382500    
  0.9943238    
  0.8994151    
  0.5149521    
   1.005790    
  0.3012035    
  0.5346131    
  0.2681536    
   1.386607    
   1.016077    
  0.2515765    
   1.109918    
   5.305326    
  0.5869323    
  0.7019973    
  0.3032534    
   1.047865    
  0.2289715    
   1.205179    
  0.8510076    
  0.3614442    
  0.8024461    
   1.364407    
  0.2512219    
  0.5401005    
  0.5142098    
   2.373488    
  0.5433596    
  0.1803765    
  0.5409169    
   1.980897    
   1.665820    
  0.7043188    
  0.2478530    
  0.6912981    
  0.1497924    
   1.556352    
  0.9063978    
  0.2475060    
   1.385104    
   1.271811    
   1.236189    
  0.6506186    
  0.7991457    
  0.1650040    
  0.4468515    
  0.3861414    
  0.3747823    
  0.2068757    
   1.203669    
   1.821889    
  0.5889094    
  0.7738310    
  0.2793571    
  0.6746082    
  0.3104703    
   2.000705    
   1.173459    
  9.9290840E-02
   2.827733    
  0.1102576    
  9.0064697E-02
  0.5866798    
   1.487687    
   1.434945    
   1.154948    
   1.871323    
  0.5426394    
  0.2026923    
   1.447269    
  0.5809055    
  0.9989322    
  0.8155880    
  0.6982058    
  0.1711315    
  0.5623115    
  0.4270878    
  0.7991457    
   1.389378    
  0.6416379    
   1.205179    
   1.418576    
  0.7387218    
  0.7803475    
  0.8034527    
  0.5644872    
   1.559437    
   1.886953    
  0.3128958    
  0.1648950    
  6.4195573E-02
  0.4376201    
  0.8879345    
   1.654560    
  0.5935842    
   1.160747    
  0.4172300    
  0.5764268    
  0.2738976    
  0.9201710    
  0.2968110    
   1.184350    
  0.4308811    
  0.7738311    
  0.5184965    
  0.2480032    
  0.9672889    
   1.154089    
  0.7336655    
   1.154948    
  0.7387218    
  0.6118913    
  0.5135583    
   1.637731    
  8.1154875E-02
   2.604241    
  0.4654702    
  0.7419804    
  0.2875305    
  0.3167067    
   1.180205    
  0.4172300    
   2.042750    
  0.2393783    
   3.297468    
  0.2404075    
   1.012688    
   1.207466    
  8.4282927E-02
   2.821195    
  8.5441455E-02
  9.5343091E-02
   1.145461    
   1.131268    
  0.9457176    
  0.1900164    
   4.507351    
   1.265201    
   2.545366    
  0.3137536    
  0.3435094    
  0.3080369    
   1.440897    
  0.4498492    
   1.961040    
  9.8982207E-02
   2.254500    
  0.9140347    
  0.5139480    
  0.7991457    
   1.528198    
  0.8833642    
  0.9399889    
   1.005790    
  7.7640519E-02
  0.8241259    
  0.4518052    
   3.756275    
  0.5659994    
   2.077747    
   2.660432    
  0.4923739    
  0.3799604    
  0.5530387    
   1.526454    
  0.4654703    
  0.4558545    
  0.4276903    
  0.9778828    
  0.3014217    
   1.944277    
  0.8490708    
  0.4852536    
   1.052996    
   1.157815    
  0.4007466    
  9.9370070E-02
  0.8434672    
   1.005790    
  0.3539449    
   1.201185    
   1.089466    
   2.127865    
  7.9722978E-02
   1.021065    
  0.8024461    
  7.6058470E-02
   1.589830    
  0.7660223    
  0.3275459    
  0.2329898    
  0.7312470    
   1.206057    
  0.1684740    
  0.6693683    
  0.9387676    
  0.2483761    
  0.3140274    
  0.9641432    
   2.961474    
  0.5145845    
  0.5698181    
  0.1966359    
   2.173062    
  0.9624568    
   2.338995    
  0.2793254    
  0.5652491    
  0.6696087    
  0.2085972    
  0.1755107    
  0.9005319    
  0.2849602    
  0.3397871    
  0.4468516    
  0.9766065    
  0.1668199    
  0.7066913    
  0.3074276    
  0.6427622    
   1.527942    
   1.987569    
   1.445206    
   1.271865    
  0.1945398    
   1.003058    
   1.089788    
  0.1431812    
   1.599450    
  0.2486302    
   1.516314    
   1.656308    
  0.3765043    
   1.080153    
  0.6062918    
   1.267774    
  0.8024461    
  0.4337457    
  0.7091730    
  0.7043188    
  0.9629682    
  0.8087010    
  0.5820399    
   1.089467    
  0.5398191    
   1.082868    
  0.4874853    
  0.1525783    
  0.1929099    
  0.4382318    
  0.7807424    
   1.702227    
   1.202176    
  0.2408480    
   3.070212    
  0.1649448    
  0.5006761    
  0.6790852    
  0.3460378    
   1.054334    
  0.2524363    
   2.200236    
  4.9302220E-02
  0.9820082    
  0.2172134    
  0.4177731    
   1.156972    
  0.4010620    
  0.9427235    
   3.989746    
  0.8020473    
   2.030516    
   1.473012    
  0.2576484    
  0.4940012    
  0.6313344    
   1.325046    
  0.7699654    
  0.2862579    
  0.3860427    
  0.3874802    
  0.5135829    
  0.8641229    
  0.5888261    
   1.036948    
  0.8141897    
   1.156165    
  0.4335262    
  0.9629354    
  0.9694821    
  0.5349566    
   1.005790    
   2.763397    
  0.1350680    
  0.7276644    
  0.7510141    
  0.4558545    
  0.5615979    
  0.6002858    
   1.209111    
  0.3218193    
   1.446215    
   1.048307    
  6.1739888E-02
   1.172433    
   1.572223    
  0.2968109    
   1.270096    
   2.169394    
   1.046263    
  0.2093515    
  0.6958331    
  0.7824377    
   1.005790    
  0.1242126    
  0.6002858    
  0.3707362    
  0.3875050    
   1.206918    
  0.4518052    
  0.9063980    
  0.9766065    
   1.307360    
  0.2872539    
  0.4340473    
   1.258691    
   1.220758    
   1.961040    
   1.109339    
  0.2493524    
  0.1902159    
  0.6777077    
  0.4888998    
   1.629034    
   1.203669    
   1.316245    
  0.8187840    
  0.3715153    
   1.252999    
   1.357182    
   3.219250    
  0.8386460    
  0.8132493    
  0.3903982    
  0.1375722    
   3.204202    
  0.2684647    
   1.888036    
  0.9989322    
   1.056023    
  0.2459054    
  0.7991457    
   1.406313    
  0.8833641    
  0.4648390    
   1.584036    
  0.3342183    
  0.1372947    
   1.733343    
   1.125536    
  5.3718828E-02
  0.4832365    
  0.5770752    
   2.387810    
  0.9661199    
  0.9076452    
   1.005790    
  0.3747822    
  0.8843741    
  0.4211020    
  0.4887301    
   1.579453    
  0.7263110    
   1.178404    
   1.796879    
  0.2801373    
  0.1754939    
  0.5006761    
  0.5706143    
   2.586918    
  0.2021689    
  0.3217829    
  0.7027165    
  0.8132731    
   7.269487    
  0.2445921    
  0.7541789    
  0.9399890    
  5.6221589E-02
   1.757892    
  0.3686924    
  0.7419801    
  0.7738311    
  0.6428245    
   1.154948    
  0.8833641    
   4.145097    
   1.590056    
   1.052996    
   1.203071    
  0.4711275    
  0.6985576    
  0.1482187    
   1.125536    
   1.156972    
   1.087673    
   1.305861    
  0.5182263    
  0.6758550    
  0.8547272    
   1.637446    
  0.8423967    
  0.2479873    
  0.7277538    
  0.6316532    
  0.4507641    
  0.1620816    
   2.353943    
  0.3899985    
  0.5142266    
   1.731524    
  0.6713019    
  0.8097286    
  0.8107445    
   1.329699    
   1.255436    
  0.2332427    
   1.263595    
  0.3930551    
  0.8864661    
  0.6430226    
  0.4377146    
  0.4710608    
  2.5618404E-02
  0.2484067    
  0.9629353    
  0.8423968    
  0.1931620    
  0.9835045    
   1.691980    
   1.017449    
   1.590056    
  0.1094306    
  0.5142098    
   1.220758    
  0.2853238    
   2.286173    
   4.121835    
   1.987570    
   1.535221    
  0.1073303    
  0.7330954    
  0.7991457    
   4.328987    
   1.005790    
  0.1211525    
   1.160747    
  0.9629354    
   1.307037    
   2.026500    
  0.3576054    
   7.020038    
   1.203669    
  0.6175014    
  0.2061728    
  0.7713147    
   1.299441    
  0.5849977    
  0.4940012    
  0.4455107    
   1.016077    
  0.4842074    
  0.6982055    
   1.227505    
  0.8731972    
  0.2577160    
   2.077360    
  0.4679858    
  0.5673383    
   1.087677    
  0.6156015    
  0.1458997    
  0.4104193    
  0.7399454    
   1.735626    
  0.1583407    
  0.8149024    
  0.6093565    
  7.3308766E-02
  0.9648459    
  0.6155142    
  0.2730768    
   2.108004    
  0.2500466    
  0.3689131    
  0.4616601    
  0.7387218    
   1.005790    
   1.089426    
  0.3598793    
  0.3925507    
  0.8864663    
  0.2118411    
   1.005790    
  0.2963073    
  0.7059456    
  0.6053963    
  0.5820400    
  0.2245525    
  0.8740908    
  0.9629354    
  0.6412799    
  0.9004288    
   1.579494    
  0.7653036    
  0.3201524    
  0.6628824    
   1.198719    
  0.2363702    
  0.5053224    
  0.7580770    
  0.1087075    
  0.4701400    
  0.2097229    
  0.3610676    
  0.7738311    
   1.091631    
   1.026401    
  0.8209039    
  0.9078887    
  0.6070076    
  0.2893649    
  0.7991457    
  0.4710608    
  0.7816221    
   3.501271    
  0.4189902    
  0.9645334    
  0.2374669    
   1.414085    
  0.4527235    
  0.5760819    
   1.518241    
   1.517868    
  0.6593007    
   1.656073    
  0.3381243    
  0.2180745    
  0.1647116    
  0.5333531    
   1.687740    
   4.479141    
  0.1102237    
  0.6709165    
  6.7705952E-02
   2.175018    
  0.4924812    
   1.005790    
   6.113729    
  0.9946688    
  0.4834102    
  0.3606113    
  0.6060813    
   1.231356    
  9.5826656E-02
   1.333803    
  0.5572731    
  0.9047885    
   2.114975    
  0.6002858    
   2.039387    
   1.136976    
  0.5158874    
   1.205667    
   1.157815    
  0.2049517    
  5.8629308E-02
   1.945149    
   1.005790    
   4.276895    
  0.2137316    
  0.2838869    
  0.4533440    
  0.9427237    
   1.299441    
  0.9989322    
   2.277362    
   1.556353    
   1.198719    
  0.3577679    
  0.4907578    
  0.3151879    
   2.996779    
  0.8050999    
  0.3136040    
   1.104205    
  0.3720047    
   1.203669    
  0.6412802    
  0.5311559    
  0.8199940    
  0.6982055    
   1.060143    
   2.634928    
   1.702227    
   2.864891    
  0.4488342    
  0.4285496    
  0.9201711    
  0.3032535    
  0.1621165    
  9.0085484E-02
   2.948364    
   1.897802    
  0.1218908    
  0.9758993    
   1.305861    
  0.1517093    
  0.4174447    
  0.5652493    
   1.805565    
   1.005416    
   1.105961    
  0.3437065    
   1.203669    
   1.331902    
   1.265860    
   1.494733    
  0.8493783    
   1.473012    
  3.2016110E-02
  0.6252978    
  0.2332428    
  0.6133606    
  0.8016001    
  0.1511068    
   1.128065    
  0.7991457    
   1.204566    
  0.2096294    
   2.121138    
   10.53006    
  0.8132731    
  0.7066913    
  0.2290062    
  0.9262521    
  0.5421821    
   4.153973    
   1.271864    
   1.047673    
  0.8358694    
  0.9200017    
   1.524843    
   2.354818    
   1.463849    
  0.4887300    
  0.6294430    
  0.6647909    
   2.109471    
  0.5477899    
  0.7718768    
  7.3472701E-02
  0.8432602    
   1.005790    
  0.6791993    
  5.6076422E-02
  0.3763248    
  0.4533127    
   1.325046    
  0.9624568    
   2.003698    
  4.0501501E-02
  0.5353624    
   4.418332    
  0.4444610    
   1.704603    
  0.9249316    
  0.2578188    
  0.3597910    
  0.7698429    
  0.3099841    
  0.5386016    
  0.7510140    
   2.711743    
  0.4470770    
  0.4906884    
  0.4657626    
   1.329699    
  0.3925507    
  0.5432681    
   1.934762    
   2.260625    
   1.173459    
   1.018885    
  0.2480796    
  0.3222748    
   5.192468    
  0.2057690    
  0.5610429    
  0.6440801    
   2.687769    
   1.157010    
  0.5587586    
  0.7636409    
   2.518581    
  0.6427622    
  0.7699655    
  0.8833642    
  0.7856030    
   1.886338    
  0.2079936    
   1.219874    
  0.7219116    
  0.3566376    
  0.8224866    
   1.178405    
  0.6261668    
  0.2289713    
   1.110128    
  0.3939291    
  0.1218907    
   1.154089    
   2.014658    
  0.1656333    
  0.4340472    
  0.5898458    
  0.4212271    
  0.1057905    
   1.751209    
   2.500881    
  0.6042652    
  0.4649763    
  0.8023208    
  0.9629353    
  0.8832392    
  0.8467308    
  0.5358518    
  0.9012167    
   3.904266    
   1.203669    
   1.063760    
  0.3334920    
  0.4879978    
   2.716800    
   2.070092    
  0.5938252    
   1.003058    
  0.2066561    
   1.089467    
   1.005790    
  0.2457949    
  3.2836542E-02
  0.7903743    
  0.5135829    
  0.9091215    
   1.203669    
   2.110380    
   1.135618    
   2.475055    
  0.3972019    
  0.4704059    
  0.3545551    
  0.3073816    
   2.984763    
  0.6063870    
   1.450933    
   2.302832    
  0.6062919    
  0.9545507    
  0.8479097    
  0.1140877    
  0.8149022    
   3.421516    
  3.1245586E-02
  0.8832392    
  0.4548802    
   1.364408    
  0.9249317    
   1.963703    
   1.444403    
  0.3516270    
  0.2026456    
  0.9619198    
  0.3020012    
  0.9624568    
  0.2483761    
  0.9572986    
   2.288922    
   3.562844    
  5.8644708E-02
  0.9050144    
  4.7450986E-02
  0.1816875    
  0.4777186    
   1.198719    
   2.146166    
  0.2758346    
  0.5421664    
  0.6985578    
   1.004316    
   1.014219    
  0.9232713    
   1.043791    
   1.734247    
  0.4249878    
   1.390370    
  0.7336654    
  0.7201025    
   1.059686    
   1.018628    
  0.7312281    
  0.1522809    
  0.7032558    
   1.219874    
   1.156972    
  0.9200407    
  0.2274816    
  0.7991457    
  0.6183169    
  0.7019973    
  0.4558546    
  0.7387218    
  0.9641747    
  0.7707764    
  0.4211538    
  0.1482357    
  0.9325781    
  0.8519315    
   1.772744    
   1.156972    
  0.8049777    
   1.109918    
   1.202176    
  0.4851692    
   1.082867    
   2.499141    
  9.9697582E-02
  0.9766066    
  0.3089131    
   5.146495    
   1.154089    
   1.569396    
   2.066320    
   2.726670    
  0.7346917    
  0.7580044    
   1.392896    
  0.3790669    
   1.255516    
  0.1663950    
  0.6982058    
   1.320598    
  0.3944318    
  0.5155599    
  0.4320803    
  0.8551089    
  0.5365584    
   1.477628    
  0.9457176    
  0.2340150    
  0.7699655    
  0.2393783    
  2.8358428E-02
  0.9989322    
  0.8797143    
  0.3362424    
  0.3842844    
  0.4521995    
  0.7312276    
  0.3896132    
   1.510429    
  0.4127100    
   2.385084    
  0.7616959    
  0.5041387    
   1.203669    
   1.232527    
  0.8479096    
  0.5245358    
   1.299531    
  0.6190650    
   4.978992    
  0.5346132    
  0.3100039    
  0.8423969    
   1.634200    
  0.7991457    
  0.3576617    
  0.7991457    
  0.4518185    
  0.4291940    
   1.005766    
  0.2739109    
  0.4428841    
   1.563865    
  0.6837816    
   3.377102    
   1.389378    
  0.4643718    
  5.1875435E-02
  0.4796880    
   1.108083    
   1.154948    
  0.3098161    
   2.339156    
  0.3290510    
   1.154948    
  0.9672889    
   1.555421    
   1.563866    
  0.1202510    
   1.005790    
   1.262347    
  0.4040540    
   1.002399    
  0.3235516    
   1.172433    
   1.045888    
  0.7693339    
  0.1093541    
  0.1862178    
   2.040407    
  0.4211131    
  0.4834122    
   1.108132    
  0.4172300    
  0.6412798    
   1.431827    
  0.3712590    
  0.6304781    
  0.2587569    
   3.778831    
  0.8874284    
  0.4046716    
  0.5811805    
   1.197919    
   1.005790    
   1.886156    
  0.2066693    
  0.8024346    
  0.6162700    
  0.9239587    
  0.8019195    
   1.142544    
  0.3768487    
   1.282663    
  0.6304545    
  0.6284823    
  0.6245939    
  0.5356158    
  0.4088896    
  0.6951299    
   2.640284    
  0.3208497    
  8.7483235E-02
   3.066169    
  0.4168651    
  0.8797144    
  0.6416379    
  0.2664934    
  0.7713147    
  0.5536049    
   1.005790    
  0.9766064    
   1.382451    
   1.196624    
   1.003092    
   1.014219    
  0.6063871    
   1.273499    
  0.8740907    
   1.039553    
  0.3107878    
  0.3578222    
  0.9624567    
   2.452935    
   1.964695    
  0.7921957    
  0.9234431    
   1.623024    
  0.1402357    
  0.5210813    
  0.6643260    
  0.5895827    
   1.154948    
  0.1049353    
  0.4654703    
   2.027738    
  0.4089069    
  0.6708145    
  0.9835048    
   1.063759    
   2.038654    
  0.3926063    
   1.571755    
   1.371088    
  0.4684779    
   1.003058    
  0.4679857    
  0.9989322    
  0.4225043    
  0.3522978    
  0.3946376    
   1.414085    
  0.8132495    
  0.4748483    
   1.658942    
  0.8304072    
   1.572461    
  0.4637669    
  0.2067031    
  0.6951300    
   1.205136    
  0.9778827    
  0.9140590    
  0.2097230    
  0.5928013    
   2.155766    
   1.082868    
  0.5158874    
  0.7718768    
   2.036283    
   1.266789    
   2.545366    
  0.2198460    
  0.2063974    
  0.9619198    
  0.9629353    
  0.4089649    
  0.1810739    
  0.5630171    
  0.9634704    
  0.7091729    
   1.214295    
   1.486256    
   1.016077    
  0.1460858    
  0.3743986    
   1.100024    
  0.4718767    
   1.277897    
  0.7738311    
   1.203669    
   1.156972    
  0.2860844    
   5.042583    
  0.5087211    
   1.006953    
  0.2396089    
  0.4936576    
   1.104002    
   1.104049    
  9.5667556E-02
   1.157815    
  0.9791553    
  0.7648640    
  0.2482508    
   1.556352    
  0.7091730    
  0.1056755    
   2.166573    
  0.8024345    
  0.2681537    
  0.5623115    
  0.1833101    
  0.2412414    
  0.6419569    
   1.699496    
  0.7495127    
  0.9787053    
   1.107926    
  0.8432603    
   1.099643    
  0.9187617    
   1.157084    
   1.131273    
  0.8733047    
  0.3564086    
  0.6469608    
   1.061249    
  0.5210814    
  0.3297689    
   5.199723    
  0.5908936    
  0.4163959    
  0.6252976    
  9.9604383E-02
   1.391213    
  0.2856814    
   1.447269    
  0.6156015    
  0.4498492    
  0.7013039    
  0.3259330    
   1.125160    
  0.2319893    
  0.8717707    
   1.270702    
  0.5222161    
  0.7399454    
   3.621648    
   1.055657    
  0.4578477    
  0.3222749    
  0.2000372    
  0.3696443    
  0.6930830    
  0.2695384    
  0.4891103    
  0.3614548    
  0.4500838    
   1.350061    
  0.3775869    
   1.303228    
   1.105961    
  8.4042698E-02
  0.8800195    
   1.885155    
  0.3720047    
  0.2626683    
  0.6747739    
  0.7032557    
   1.252549    
  0.5003704    
  0.1820924    
  0.4657626    
  0.3798788    
   1.019954    
  0.9754341    
  0.5763406    
  0.2512218    
  0.2290062    
   2.711742    
  0.5822032    
  0.5343004    
  0.5822030    
  0.2626194    
  0.7823064    
  0.1945398    
  0.5129284    
  0.8478738    
  0.4463466    
  0.6527702    
  0.1562787    
  0.7028895    
  0.1011396    
   1.132244    
  0.4282899    
  0.4693438    
  0.3095961    
  0.4706304    
  0.8023210    
   1.160747    
   1.238247    
  0.1998839    
  0.8024461    
  0.6056628    
  0.4242449    
  0.6156015    
  0.2695052    
  0.7263110    
  0.2282591    
  0.3869217    
  8.3003648E-02
   1.198719    
  0.6839290    
  7.5040780E-02
   1.879499    
  0.6513516    
   1.270096    
  0.4285221    
  0.4679981    
  0.2975644    
  0.2899868    
  0.6427622    
   1.389378    
  0.5644872    
  0.8644114    
  0.2225226    
   1.406919    
  0.2377246    
   1.812515    
  0.4648391    
  0.9427280    
  0.5436022    
  0.5889095    
  0.5559021    
  0.8357512    
   2.127292    
  0.5632125    
  0.6190649    
  0.6982055    
   5.124063    
   1.156972    
  0.9379465    
  0.1987600    
  0.1888553    
  0.5810489    
   1.353678    
   1.043750    
  0.2085973    
  0.7040156    
  0.8800197    
   1.005790    
   2.288921    
  0.4069768    
  0.8467308    
   1.374554    
  0.4217027    
   1.307360    
  7.9758078E-02
  0.2730768    
  0.7713147    
  0.2145230    
  0.4559526    
  0.6259502    
   1.528198    
  0.6304782    
   1.060037    
   1.179049    
  0.3865019    
  0.4285496    
   1.444403    
  9.6200772E-02
  0.4035062    
   1.385938    
  0.1311691    
  0.5790644    
   3.168341    
  0.1408924    
  0.2282590    
  0.4177729    
  0.8034527    
  0.5336659    
  0.1863189    
  0.4426958    
  0.9278514    
  0.3878918    
   1.603328    
  0.4982945    
  0.8132495    
  0.6977237    
   1.005790    
   1.266789    
  0.8050998    
  0.9239585    
  0.2370458    
   1.302895    
  0.4657624    
  0.1900847    
  0.5820401    
  0.1150231    
  0.3693281    
  0.3052319    
  0.1650865    
   1.509562    
   1.016562    
   1.005790    
   4.328986    
   3.881258    
   1.159814    
  0.9140351    
  0.9239585    
  0.2957154    
  0.6190650    
  0.2974235    
   1.255904    
   1.156972    
   1.012689    
  0.6839286    
   2.715994    
  0.3618620    
  0.8024461    
  0.5673384    
   1.389378    
   2.127783    
  0.5145844    
  0.9759281    
  0.8378467    
   3.045565    
  9.1797389E-02
  0.4924812    
  0.5132285    
   1.195787    
  0.3039685    
   1.302894    
  3.3929009E-02
  0.6084065    
  0.7823064    
  6.7619458E-02
   1.198719    
   2.200236    
  0.3647621    
  5.9270270E-02
  0.9736506    
  0.4124478    
  0.1192816    
  0.4069768    
  0.5053225    
  0.2918097    
  0.8141895    
  0.4415979    
   1.304345    
  0.9629354    
  0.4548802    
  0.3768328    
   1.150002    
   1.467070    
   6.730646    
  9.1797397E-02
  0.4868987    
   2.747112    
   1.602613    
  0.5210814    
  0.2026455    
  0.5792751    
   1.098837    
  0.7817118    
   1.535221    
  0.3562003    
  0.6052592    
  0.7219614    
  0.6190650    
  0.6427622    
  0.4364480    
  0.2286301    
  0.4718768    
   3.895051    
  0.3872619    
  0.5338597    
   1.112970    
   1.056024    
  0.4521993    
  0.4679858    
  0.1444401    
  0.4293868    
   1.516314    
   1.568832    
   1.733260    
  0.3105623    
   1.154948    
   1.324859    
   1.002404    
   2.746705    
  0.8359095    
   1.524116    
  0.1758768    
  0.1236444    
   1.205296    
  0.3754750    
  0.5175548    
   1.503599    
  0.6250888    
   1.063760    
  0.5578070    
   1.114317    
  0.8024461    
   1.314944    
   1.251098    
  0.8150393    
  0.2475060    
  0.7991457    
  0.2949539    
  0.3884848    
   2.223822    
  0.3861415    
  0.4851224    
  0.3286773    
  0.3081066    
  0.1241587    
  0.3861395    
  0.2380678    
  0.4834121    
  0.3726100    
  0.5698180    
  9.1991141E-02
  0.6294428    
  0.5565206    
  0.1389148    
  0.1358844    
  0.8304073    
   1.131274    
  0.2578198    
   2.549244    
  0.2191182    
  0.3510227    
   2.737214    
   1.005790    
   2.919400    
  0.6481207    
   1.005790    
  0.6162997    
  0.7032559    
  0.8715732    
  0.6134473    
  7.5862654E-02
   1.109918    
  0.2685623    
  0.6388903    
  0.3906977    
  0.9624567    
   3.820121    
   1.629034    
  0.8843740    
   2.169394    
  0.4648390    
  0.5699408    
  4.9445268E-02
  0.9648458    
  0.8132493    
  0.1312248    
  0.3393960    
  0.5152641    
   3.053659    
  0.3423237    
   5.283985    
  0.3339555    
  0.2191182    
  0.5889094    
   1.214295    
   1.809749    
  0.2361044    
   1.457511    
  0.3235024    
  0.4710608    
   1.803600    
  0.3177615    
  9.5343538E-02
  0.2911232    
  0.3689132    
  0.4651491    
   1.699496    
   1.017298    
   1.446215    
  0.4515898    
  0.1518535    
   4.230990    
   1.160747    
  0.3217829    
  0.3493479    
  0.4613374    
   2.293841    
  0.3473876    
  0.8783962    
  0.4706441    
  0.4116676    
   2.966860    
  0.8024461    
   1.203669    
  0.6670823    
  0.5615979    
  0.4279857    
   1.256770    
  0.1817288    
  0.1165128    
  0.7361367    
  0.7428780    
   1.371088    
  0.2145229    
   3.676951    
  0.2033675    
  0.5644872    
  0.2234614    
  0.7040157    
  0.3614442    
  0.9262520    
  0.1652761    
   1.043750    
  0.2180745    
  0.6166212    
  0.5919563    
  0.6777079    
  0.5421664    
  0.1350680    
   5.749068    
   2.162132    
   1.132997    
   2.824912    
  0.6513517    
  0.1229029    
   1.320598    
  0.2735619    
  0.8034790    
  0.6840865    
   1.150051    
  0.7064570    
  0.1380037    
  0.2576484    
  0.6175014    
  4.9302217E-02
   1.888037    
   4.632168    
  0.5559019    
  0.8864662    
   1.897801    
  0.7991457    
   4.210190    
  0.1969750    
   1.025673    
  0.4279046    
  0.1458997    
  8.3948232E-02
  0.6713017    
  0.1931621    
  0.7707763    
  0.1320943    
  0.9560800    
  0.1684741    
   1.821443    
   1.061071    
   1.688304    
  0.7410017    
  0.1817287    
   1.143744    
  0.5565628    
  0.3203732    
  0.4656321    
  0.5133103    
  0.3720048    
  0.5849978    
  0.4259267    
   8.708373    
  0.5919564    
  0.1787683    
  0.7991457    
   1.392896    
  0.3333808    
   2.112227    
  0.1927759    
   1.916847    
  0.7738311    
  0.1423276    
  0.6773848    
  0.8824320    
  0.2380679    
   1.821890    
  0.7707764    
   7.917966    
  0.7693343    
  0.4279651    
   1.004349    
  0.5158874    
   4.206881    
  0.2626193    
  0.5855976    
  0.6761461    
  0.3454842    
  0.6912985    
  0.4492782    
   1.005416    
  0.7579836    
  0.2383208    
  0.9989322    
   1.738752    
   1.469020    
  0.6524702    
   1.005790    
  0.9770275    
  0.3884848    
  0.5391339    
  0.7099430    
  0.3040386    
   1.700339    
   1.219293    
  0.8480297    
  0.2333974    
   1.005790    
   1.005790    
  0.4028434    
   2.743408    
  0.4325473    
  0.9648459    
  0.5652731    
  0.4591626    
   2.388877    
   1.464910    
  0.4548801    
  0.6777275    
  0.2484498    
   2.456596    
   1.156165    
  0.7576013    
   1.961040    
   1.002040    
  0.3612719    
   1.148759    
   1.222354    
  0.7387218    
  5.0908864E-02
  0.5909775    
  0.5245357    
   1.335511    
  0.7240151    
   6.112799    
  0.2775973    
  0.4647242    
  0.6519219    
  0.8024461    
  0.2067330    
  0.2500465    
  0.3093825    
  0.8874716    
   1.172433    
   1.005790    
   2.109471    
  0.3842844    
  0.2404075    
  0.9201710    
  0.4735651    
  0.4475346    
   1.526454    
  0.2668643    
  0.9624568    
  0.1366141    
  0.2385481    
  0.3753448    
  0.3617061    
  0.8101510    
  0.2698898    
  0.9078889    
   1.584718    
  0.4098553    
  0.6218715    
  0.7727787    
  0.5672578    
  0.7699654    
  0.2573618    
   5.296006    
  0.9736505    
   1.136976    
  0.6250283    
  0.8879344    
   1.056478    
   1.666094    
  0.1216057    
   2.077656    
  0.1489362    
  0.5130239    
  0.6924903    
   1.494098    
   1.387397    
  0.3548585    
  0.1358845    
  0.7773393    
   1.584718    
   1.602613    
   2.274472    
  0.7539288    
   1.316245    
  0.5909775    
   2.456597    
  0.1744597    
   1.171114    
  0.9846454    
   1.598282    
  4.5120247E-02
  0.9379464    
  0.4169130    
  0.9178371    
  0.7395594    
  8.7483242E-02
  0.5419078    
   1.446215    
  0.7699655    
  0.3128958    
   4.237098    
  0.6053961    
  0.4079884    
  0.1112133    
   2.445646    
  0.8864663    
  0.3222735    
  0.1272987    
  0.9629220    
  0.2864220    
  0.6673250    
  0.6109126    
  0.5700723    
  0.1376961    
  0.8034527    
  0.1998839    
  0.5204949    
  0.1793766    
  0.9905976    
  0.7251185    
   2.495894    
   1.387398    
  0.5536048    
   1.309591    
   1.135269    
  0.3491567    
   1.866505    
   1.446262    
  0.4279857    
  0.9624568    
  0.7718767    
  0.8014508    
  0.7789205    
  0.5814366    
   4.421105    
   11.34411    
  0.6190649    
  0.5182263    
  0.8132493    
   1.170521    
   2.948365    
  0.4727820    
  0.3481441    
  0.1430308    
  0.9716743    
   1.042577    
  0.4850335    
  0.5472694    
   1.198719    
  0.3763247    
  0.8391273    
  0.5568885    
   1.043791    
  0.4640737    
  0.4127100    
   3.416042    
  0.5958028    
  0.2502298    
  0.5349824    
   1.810662    
  0.6427622    
  0.8359096    
  0.8864663    
  0.6412516    
  0.6006997    
  0.6374817    
   1.325046    
  6.5530702E-02
  0.1297231    
  0.6427622    
   1.506620    
   1.024484    
  0.6761461    
   1.203071    
  0.4105829    
   2.857717    
  0.3753447    
  0.3876242    
  0.7880679    
  0.4172300    
   1.013783    
   1.157010    
  0.4455107    
   2.215453    
   1.171114    
   2.352667    
  0.6373868    
   2.000705    
  0.4116676    
   1.005790    
   1.098837    
  0.1977044    
  0.7028893    
  0.9624568    
  0.1677785    
   1.209111    
  0.2384037    
  0.9641432    
   1.833838    
  0.1213674    
  0.9050146    
   1.329699    
   1.875069    
   2.356443    
   1.183102    
  6.6388637E-02
  0.5222162    
   2.846004    
  0.4727820    
  0.3747823    
  0.6777079    
  0.8696293    
   1.013431    
  0.1103721    
  0.4069767    
  0.7738311    
   1.520146    
  0.9095805    
   1.569878    
  0.9005318    
  0.2157011    
  0.1378220    
  0.5362220    
  0.5208569    
  0.7360326    
   1.406920    
   1.113422    
  0.5204948    
   1.663928    
  0.5129284    
  0.2484498    
   1.061249    
   1.734575    
  0.8434670    
  0.1854355    
   1.406920    
   1.351575    
  0.4515898    
  0.4291265    
  0.1390166    
  0.1481692    
   3.960426    
  0.7028893    
   1.351000    
  0.9285973    
  0.6190649    
   1.309796    
   1.357522    
  0.7856029    
   2.991400    
   1.119654    
   1.446215    
  0.4189900    
   2.917389    
  0.8159629    
  0.9623036    
  0.9629354    
  0.2684647    
  0.9831085    
   1.803600    
   1.303227    
  0.4548800    
  0.7503572    
  0.4227573    
   3.181707    
  0.7699655    
  0.4505700    
   1.005790    
  0.8832018    
  0.4925031    
  0.7991457    
  0.2228123    
  0.8370110    
   1.068409    
   1.059887    
   1.977907    
  0.3763248    
   2.109471    
  0.3334921    
   1.109918    
  0.6170720    
  0.6087705    
   2.046611    
  0.7553315    
   2.396058    
   1.059686    
   1.296185    
  0.3763248    
  0.9648458    
  0.9200408    
  0.9572988    
  0.2396088    
  0.2050388    
  0.3092592    
  0.3297689    
   1.325046    
  0.6432306    
   1.741120    
   2.947120    
  0.5887143    
  0.5659994    
  0.5358518    
   2.162132    
   2.760391    
   1.590056    
   1.203669    
   2.165183    
  0.2749191    
  0.3104784    
  0.9238114    
   1.114317    
  0.7278802    
   1.979358    
  0.5255871    
  0.6987655    
  0.9766065    
  0.5849978    
   1.762479    
   1.351000    
   1.013783    
  0.8055623    
  0.2670273    
  0.5263774    
  0.8004988    
  0.3717795    
  0.2749653    
   1.251098    
   1.279351    
   1.111503    
  0.4089070    
  0.6443415    
  0.4874853    
  0.5432681    
  0.7653034    
   1.160747    
  0.8579561    
  7.3437907E-02
   1.267774    
  7.5491384E-02
  0.8381379    
  0.1668778    
   1.450933    
  0.5204948    
  0.4711276    
  0.9704157    
  4.0247723E-02
   3.451212    
  0.7043188    
   1.343584    
   1.038735    
  0.7816221    
  0.4402655    
  9.9467508E-02
   1.443685    
   1.446355    
   1.136976    
   2.172795    
   1.016562    
  0.1341628    
  0.4163959    
   1.221284    
  0.2742091    
   1.822839    
  0.7713403    
  0.8477485    
   1.003058    
  0.1521727    
  0.5398190    
  0.6739174    
  0.3565871    
  0.9989322    
  0.7204255    
  0.4647243    
  0.1279257    
  0.6427622    
  7.0638105E-02
  0.6288264    
  0.2478528    
   1.435948    
  0.5615979    
   1.156972    
   1.702677    
  0.4637672    
  0.5333531    
   2.818236    
  0.7510139    
   1.494734    
   1.897801    
  0.1217382    
  0.8874288    
   1.869724    
  0.7066913    
   1.203071    
  0.3080368    
   1.446163    
   1.757892    
   1.203669    
  6.6418245E-02
  0.2473424    
  0.5210813    
  0.9084942    
  0.3614442    
  0.9989322    
   1.669389    
  0.8369573    
   3.912192    
  0.3014662    
  0.7305246    
   1.847034    
  0.7204258    
  0.1332559    
   1.521329    
  0.1669497    
  0.6510711    
  0.4706442    
   1.252172    
  9.1944754E-02
   1.324859    
  0.4533125    
  0.4435731    
  0.4924113    
  0.5245357    
   1.734247    
  0.6170720    
   1.114317    
   3.260161    
   1.089197    
  0.3040386    
  0.4472099    
   2.036283    
  0.8731973    
  0.5810488    
  0.5889094    
  0.7605077    
   6.568652    
  0.8803988    
  0.4461354    
   1.637245    
  0.3165784    
  0.2718295    
   5.562865    
  0.9068477    
  0.6427622    
   1.323017    
  0.3201891    
  0.1060053    
  0.8774966    
  0.4709714    
  0.2180745    
  0.1407585    
   1.005790    
  0.3850196    
  0.5356526    
  0.1651100    
  0.3768488    
  0.2459053    
   1.184495    
   1.109918    
  0.8207144    
  0.1326028    
  0.5344000    
  0.5571673    
  0.7091730    
   1.005790    
   1.853185    
  0.4470889    
   3.381121    
  0.4651491    
   1.082016    
  0.1832793    
  0.8439071    
  0.4800682    
  0.6156015    
  0.5844199    
  0.3201893    
   1.108083    
   1.107926    
   1.005790    
  0.4022287    
   1.271864    
  0.7649781    
  0.2275640    
   1.966705    
  0.1377795    
  0.8132493    
   1.392896    
   1.005790    
  0.3729455    
  0.2384036    
  0.2913029    
  0.8113753    
   3.823867    
  0.7576015    
  0.1597392    
   1.351000    
   1.202879    
   1.905145    
  0.7519912    
  0.6476239    
   1.214593    
   2.113313    
  3.1105144E-02
  0.2992230    
   1.208343    
   1.662124    
  0.7991457    
   1.087677    
   1.897802    
  0.2223280    
  0.3754750    
  0.6502893    
  0.7991457    
  0.6419569    
  0.7713147    
   1.029547    
   1.060037    
  0.6258452    
  0.6122429    
  0.3954446    
   1.068639    
   1.109918    
   2.150216    
  0.9629683    
  0.2975847    
  0.5396864    
  0.3227252    
  0.2857878    
  0.3166338    
   1.005790    
  0.6166212    
  0.6258452    
  0.2806906    
  0.6427622    
  0.1520677    
  0.2191288    
  0.2950864    
  0.1277913    
  0.7738311    
  0.2362048    
   1.154948    
   6.675435    
  0.9249316    
  0.6965579    
  0.8150391    
  0.7548290    
  0.3606113    
  0.4527996    
  0.6424350    
   1.385938    
  0.3012035    
  0.2681525    
  0.2111378    
  9.5395260E-02
  0.2681537    
  0.8378467    
   2.081096    
   1.879499    
  0.3725642    
   2.596700    
   1.267774    
   1.213020    
   1.005790    
   1.156972    
   2.599888    
   1.447269    
  0.9624567    
   1.198719    
  0.1483209    
  0.1014292    
  0.9200408    
  0.8034527    
   2.086819    
  0.4488342    
   1.957811    
   2.108005    
   1.842265    
  0.4177729    
   1.702291    
   1.042582    
  4.5088205E-02
   1.060037    
  0.9641432    
  0.6050968    
   1.255066    
  0.9050146    
   1.589830    
  0.7991457    
  0.2194033    
  0.1329880    
   5.132277    
  0.4527995    
  0.6427832    
  0.8034789    
  0.5043826    
  0.8471596    
  4.5144714E-02
  0.8721546    
   1.014219    
   1.960556    
   6.746573    
   1.762479    
  3.1105163E-02
   2.465520    
  0.9672889    
   2.384645    
   1.014219    
  0.2695384    
  0.4808958    
   1.258691    
  0.2976955    
   1.503000    
   12.82395    
  0.7991457    
   1.003043    
  0.4704060    
  0.2062550    
  0.1983314    
  0.1655581    
  0.5436022    
   1.189005    
  0.3145844    
  0.1102090    
   2.404992    
  0.6781988    
  0.9989322    
  0.4706304    
   1.443685    
   1.480876    
  0.4072750    
  0.4043077    
  0.7410017    
  0.2981398    
  0.4488345    
   1.466824    
   2.443540    
  0.5130240    
  0.8097287    
  0.7565742    
  0.6317307    
   1.052996    
   1.590056    
   1.911101    
  0.6773847    
  0.3469966    
   1.387397    
  0.6166212    
   3.064818    
  0.4657176    
   2.109471    
   1.000624    
  0.3089131    
  0.3606113    
   1.282662    
  0.2061186    
  0.4435732    
  0.1908095    
  0.6141487    
   1.005790    
  0.4043077    
  0.4173354    
  0.9617410    
  0.1781096    
   3.279402    
  0.3767772    
  0.5421664    
   1.595639    
   1.732423    
  0.7541825    
  0.5223178    
   1.198719    
  0.3420295    
  0.8879344    
   1.749014    
   1.131268    
  0.3932306    
   1.434120    
  0.4610724    
  0.9697316    
  0.1523732    
   1.110730    
  0.2486303    
  0.1319506    
  0.2715167    
  0.1038516    
  0.3878920    
  0.7680284    
   1.964936    
  0.2069476    
   1.052996    
  0.1270168    
   1.331902    
   2.124371    
  0.7565742    
  0.4640757    
   3.912786    
  0.5764264    
   1.829865    
  0.4424311    
  0.8381379    
   1.002000    
   1.202879    
  0.7991457    
  0.5822030    
   1.170521    
  0.6002857    
   1.171928    
  0.4110807    
  0.6133348    
  0.4428839    
   1.244337    
   2.455868    
  0.2082124    
  0.2794785    
   1.457512    
   1.443685    
  0.9285974    
  0.6412800    
  0.1350970    
  0.6427833    
  0.1850649    
   1.017298    
  0.4852536    
  0.3875050    
  0.2503167    
  0.2105927    
   1.760486    
  0.7576013    
  0.9648459    
   1.017492    
  0.4042581    
   2.770551    
   2.385084    
  0.7971913    
  0.5455601    
  0.3010599    
  0.6682662    
  0.3107877    
  0.4115343    
  0.2638613    
   1.156165    
   1.174987    
  0.5237376    
   1.821442    
  0.9655350    
   1.296960    
  0.6118912    
  0.8159626    
   1.702903    
   1.525947    
   2.026500    
  0.3541567    
   2.830429    
   1.247550    
   1.005790    
  0.1158874    
   2.398782    
  0.5566668    
  0.7078154    
  0.3286773    
   1.571797    
  0.6670824    
   1.446215    
  0.6341358    
  0.5880075    
  0.6977234    
  0.7122724    
  0.1157623    
   1.164498    
   2.535976    
  0.2964810    
  0.4661818    
  0.5138509    
  0.4518052    
   1.667254    
   1.910248    
  0.4656322    
  0.7695360    
   1.127987    
  0.6156016    
   1.758650    
  0.7277538    
  0.6415356    
   1.598282    
   1.332656    
  0.2639223    
  0.9641432    
   1.154304    
  0.8448190    
  0.2583367    
  0.3100996    
  0.3726749    
  0.5909774    
  0.6141486    
   1.698366    
   1.254756    
  0.9538516    
  0.5439751    
   4.292360    
  0.6761461    
  0.4022287    
  0.5588609    
  0.3899985    
  0.2668642    
   2.357923    
  0.1429788    
   1.113165    
  0.2797524    
   1.203710    
  0.5792120    
   1.824176    
   2.354093    
  8.4042683E-02
  0.3729454    
   1.267774    
  0.1110466    
  0.2414931    
  0.3723762    
   2.316482    
  0.1465896    
  0.5216251    
  0.4042580    
   3.521731    
  9.7385868E-02
   2.281011    
  0.3089467    
  0.3571246    
  0.6777275    
  0.2374669    
  0.2992229    
  0.2783873    
  0.4435733    
  0.7065913    
  0.3116905    
  0.6363673    
  0.9989322    
  0.3874535    
   1.203669    
  0.8663538    
   1.440053    
  0.1001849    
   2.799759    
   1.082016    
  0.3603310    
   3.941586    
  0.6033458    
  0.7703375    
   1.359597    
  0.9368907    
  0.8132731    
   3.062642    
  0.9285973    
  0.6773848    
  0.8471596    
  0.2574264    
  0.7505554    
  0.1511711    
   3.454245    
   1.014219    
  0.7037715    
  0.5580071    
  0.6190650    
   2.200607    
   2.084067    
  0.2915533    
   4.635720    
  0.9641433    
  0.4376203    
  0.5849978    
   1.203669    
  0.6488207    
  0.2314919    
  0.9641433    
  8.8970572E-02
  8.1102781E-02
  0.8448188    
  0.9714361    
  0.1510842    
  4.0529836E-02
  0.6034114    
  0.6924904    
   1.014219    
  0.1983899    
   1.803264    
   1.112970    
   1.156972    
   1.309135    
   1.807828    
  0.9249317    
   9.670633    
  0.4088897    
  0.5111121    
  0.1832050    
  0.5222161    
  0.4522824    
  0.3647620    
  0.9629353    
  0.7500340    
   1.352520    
  0.1205857    
   1.005790    
  0.9200407    
  0.9624568    
   1.060037    
  0.7721596    
   4.069127    
   1.796471    
  0.3974372    
  0.7991457    
   3.380862    
   1.263562    
  0.2632408    
   1.406920    
  0.6527699    
  0.2779835    
  0.5170571    
  0.3255815    
  0.7043188    
  0.2576483    
   1.005790    
  0.1780181    
  0.5936882    
  0.8132731    
   1.964935    
  0.1907764    
  0.3502657    
  0.4648391    
  0.7312276    
   1.005790    
   1.108083    
  0.9989322    
  0.7265256    
  0.2685623    
   1.142544    
  4.8234165E-02
  0.2638612    
   3.797416    
  0.1372597    
  0.7514000    
   1.198719    
   2.046556    
  0.8885835    
  0.5142098    
  0.4249245    
  0.2409628    
  0.9244493    
  0.7856029    
   5.517405    
  0.3558679    
  0.3798786    
   1.052996    
  0.2779835    
  0.3271255    
  0.6513517    
  0.3577678    
   1.003058    
   1.811476    
   2.584706    
  0.9648459    
   4.379101    
  0.9063981    
  0.3091781    
  0.6761460    
  0.2049211    
  0.1796420    
  0.5673384    
  0.3726099    
   1.252500    
  0.4108663    
  0.9163690    
  0.6002856    
  0.3003802    
   1.794935    
  0.3125581    
   2.347821    
   2.851263    
  0.1459850    
  0.3840548    
  0.1494467    
  0.6052592    
   4.067333    
  0.3740287    
  0.5767787    
  0.1139901    
  0.2172134    
  0.9232711    
  8.3003640E-02
  0.1747691    
  0.6162996    
  0.4661818    
  0.7713147    
  0.9051169    
  0.7201027    
  0.4497387    
  0.6294429    
   2.998476    
  0.5182264    
  0.1188332    
  0.2249081    
  0.5005832    
  0.9623040    
  0.7624965    
  0.9629215    
  0.2385119    
   1.960555    
   1.762480    
   1.944277    
   3.956962    
  0.2431747    
  0.1587710    
  0.4289775    
   1.198719    
  0.8016001    
  7.3437929E-02
   1.637446    
  0.2918160    
  0.2434620    
   3.754001    
  0.9262521    
   1.202448    
  0.9427236    
  0.6696090    
  0.1639369    
   1.351000    
  0.1320693    
   2.431437    
  0.1595856    
   1.198719    
  0.5130240    
  5.8708601E-02
   1.327454    
  0.9441603    
  0.4515897    
  0.3564087    
  0.3403729    
